Date,V1,V2,V3,I1,I2,I3,Total kW,Total kvar,Total kVA,Total PF,Frequency
2019-9-13 10:9:35.923978,2458,2560,2662,2369,2360,2359,2376,2374,2551,2469,50
2019-9-13 10:9:35.992219,2458,2560,2662,2369,2360,2359,2376,2374,2551,2469,50
2019-9-13 10:9:36.58833,2458,2560,2662,2369,2360,2359,2377,2375,2552,2470,50
2019-9-13 10:9:36.126720,2459,2561,2663,2370,2361,2360,2377,2375,2552,2470,50
2019-9-13 10:9:36.192471,2459,2561,2663,2370,2361,2360,2377,2375,2552,2470,50
2019-9-13 10:9:36.258420,2459,2561,2663,2370,2361,2360,2377,2375,2552,2470,50
2019-9-13 10:9:36.329121,2459,2561,2663,2370,2361,2360,2377,2375,2552,2470,50
2019-9-13 10:9:36.395443,2459,2561,2663,2370,2361,2360,2377,2375,2552,2470,50
2019-9-13 10:9:36.460642,2459,2561,2663,2370,2361,2360,2377,2375,2552,2470,50
2019-9-13 10:9:36.527186,2459,2561,2663,2370,2361,2360,2377,2375,2552,2470,50
2019-9-13 10:9:36.595280,2460,2562,2664,2371,2362,2361,2378,2376,2553,2471,50
2019-9-13 10:9:36.662140,2460,2562,2664,2371,2362,2361,2378,2376,2553,2471,50
2019-9-13 10:9:36.729561,2460,2562,2664,2371,2362,2361,2378,2376,2553,2471,50
2019-9-13 10:9:36.795698,2460,2562,2664,2371,2362,2361,2378,2376,2553,2471,50
2019-9-13 10:9:36.863647,2460,2562,2664,2371,2362,2361,2378,2376,2553,2471,50
2019-9-13 10:9:36.936808,2460,2562,2664,2371,2362,2361,2378,2376,2553,2471,50
2019-9-13 10:9:37.42012,2460,2562,2664,2371,2362,2361,2378,2376,2553,2471,50
2019-9-13 10:9:37.132976,2461,2563,2665,2372,2363,2362,2379,2377,2554,2472,50
2019-9-13 10:9:37.216389,2461,2563,2665,2372,2363,2362,2379,2377,2554,2472,50
2019-9-13 10:9:37.308828,2461,2563,2665,2372,2363,2362,2379,2377,2554,2472,50
2019-9-13 10:9:37.415863,2461,2563,2665,2372,2363,2362,2379,2377,2554,2472,50
2019-9-13 10:9:37.517932,2461,2563,2665,2372,2363,2362,2379,2377,2554,2472,50
2019-9-13 10:9:37.609552,2461,2563,2665,2372,2363,2362,2380,2378,2555,2473,50
2019-9-13 10:9:37.714925,2462,2564,2666,2373,2364,2363,2380,2378,2555,2473,50
2019-9-13 10:9:37.809841,2462,2564,2666,2373,2364,2363,2380,2378,2555,2473,50
2019-9-13 10:9:37.901011,2462,2564,2666,2373,2364,2363,2380,2378,2555,2473,50
2019-9-13 10:9:38.4399,2462,2564,2666,2373,2364,2363,2380,2378,2555,2473,50
2019-9-13 10:9:38.114924,2462,2564,2666,2373,2364,2363,2380,2378,2555,2473,50
2019-9-13 10:9:38.225580,2463,2565,2667,2374,2365,2364,2381,2379,2556,2474,50
2019-9-13 10:9:38.306506,2463,2565,2667,2374,2365,2364,2381,2379,2556,2474,50
2019-9-13 10:9:38.386885,2463,2565,2667,2374,2365,2364,2381,2379,2556,2474,50
2019-9-13 10:9:38.478763,2463,2565,2667,2374,2365,2364,2381,2379,2556,2474,50
2019-9-13 10:9:38.586373,2463,2565,2667,2374,2365,2364,2381,2379,2556,2474,50
2019-9-13 10:9:38.669720,2463,2565,2667,2374,2365,2364,2382,2380,2557,2475,50
2019-9-13 10:9:38.761577,2464,2566,2668,2375,2366,2365,2382,2380,2557,2475,50
2019-9-13 10:9:38.849519,2464,2566,2668,2375,2366,2365,2382,2380,2557,2475,50
2019-9-13 10:9:38.949403,2464,2566,2668,2375,2366,2365,2382,2380,2557,2475,50
2019-9-13 10:9:39.27993,2464,2566,2668,2375,2366,2365,2382,2380,2557,2475,50
2019-9-13 10:9:39.133217,2464,2566,2668,2375,2366,2365,2382,2380,2557,2475,50
2019-9-13 10:9:39.220871,2465,2567,2669,2376,2367,2366,2383,2381,2558,2476,50
2019-9-13 10:9:39.314452,2465,2567,2669,2376,2367,2366,2383,2381,2558,2476,50
2019-9-13 10:9:39.409081,2465,2567,2669,2376,2367,2366,2383,2381,2558,2476,50
2019-9-13 10:9:39.505166,2465,2567,2669,2376,2367,2366,2383,2381,2558,2476,50
2019-9-13 10:9:39.597884,2465,2567,2669,2376,2367,2366,2383,2381,2558,2476,50
2019-9-13 10:9:39.691514,2465,2567,2669,2376,2367,2366,2384,2382,2559,2477,50
2019-9-13 10:9:39.793023,2466,2568,2670,2377,2368,2367,2384,2382,2559,2477,50
2019-9-13 10:9:39.898212,2466,2568,2670,2377,2368,2367,2384,2382,2559,2477,50
2019-9-13 10:9:39.988743,2466,2568,2670,2377,2368,2367,2384,2382,2559,2477,50
2019-9-13 10:9:40.93597,2466,2568,2670,2377,2368,2367,2384,2382,2559,2477,50
2019-9-13 10:9:40.209700,2466,2568,2670,2377,2368,2367,2385,2383,2560,2478,50
2019-9-13 10:9:40.298555,2467,2569,2671,2378,2369,2368,2385,2383,2560,2478,50
2019-9-13 10:9:40.405166,2467,2569,2671,2378,2369,2368,2385,2383,2560,2478,50
2019-9-13 10:9:40.492514,2467,2569,2671,2378,2369,2368,2385,2383,2560,2478,50
2019-9-13 10:9:40.570969,2467,2569,2671,2378,2369,2368,2385,2383,2560,2478,50
2019-9-13 10:9:40.659603,2467,2569,2671,2378,2369,2368,2385,2383,2560,2478,50
2019-9-13 10:9:40.750877,2468,2570,2672,2379,2370,2369,2386,2384,2561,2479,50
2019-9-13 10:9:40.850623,2468,2570,2672,2379,2370,2369,2386,2384,2561,2479,50
2019-9-13 10:9:40.938701,2468,2570,2672,2379,2370,2369,2386,2384,2561,2479,50
2019-9-13 10:9:41.52279,2468,2570,2672,2379,2370,2369,2386,2384,2561,2479,50
2019-9-13 10:9:41.141179,2468,2570,2672,2379,2370,2369,2386,2384,2561,2479,50
2019-9-13 10:9:41.228322,2468,2570,2672,2379,2370,2369,2387,2385,2562,2480,50
2019-9-13 10:9:41.307397,2469,2571,2673,2380,2371,2370,2387,2385,2562,2480,50
2019-9-13 10:9:41.390053,2469,2571,2673,2380,2371,2370,2387,2385,2562,2480,50
2019-9-13 10:9:41.494631,2469,2571,2673,2380,2371,2370,2387,2385,2562,2480,50
2019-9-13 10:9:41.578276,2469,2571,2673,2380,2371,2370,2387,2385,2562,2480,50
2019-9-13 10:9:41.675747,2469,2571,2673,2380,2371,2370,2387,2385,2562,2480,50
2019-9-13 10:9:41.781152,2470,2572,2674,2381,2372,2371,2388,2386,2563,2481,50
2019-9-13 10:9:41.870964,2470,2572,2674,2381,2372,2371,2388,2386,2563,2481,50
2019-9-13 10:9:41.961140,2470,2572,2674,2381,2372,2371,2388,2386,2563,2481,50
2019-9-13 10:9:42.60334,2470,2572,2674,2381,2372,2371,2388,2386,2563,2481,50
2019-9-13 10:9:42.158550,2470,2572,2674,2381,2372,2371,2388,2386,2563,2481,50
2019-9-13 10:9:42.265539,2470,2572,2674,2381,2372,2371,2389,2387,2564,2482,50
2019-9-13 10:9:42.360798,2471,2573,2675,2382,2373,2372,2389,2387,2564,2482,50
2019-9-13 10:9:42.458349,2471,2573,2675,2382,2373,2372,2389,2387,2564,2482,50
2019-9-13 10:9:42.548291,2471,2573,2675,2382,2373,2372,2389,2387,2564,2482,50
2019-9-13 10:9:42.640780,2471,2573,2675,2382,2373,2372,2389,2387,2564,2482,50
2019-9-13 10:9:42.742492,2471,2573,2675,2382,2373,2372,2389,2387,2564,2482,50
2019-9-13 10:9:42.819318,2472,2574,2676,2383,2374,2373,2390,2388,2565,2483,50
2019-9-13 10:9:42.909237,2472,2574,2676,2383,2374,2373,2390,2388,2565,2483,50
2019-9-13 10:9:43.9173,2472,2574,2676,2383,2374,2373,2390,2388,2565,2483,50
2019-9-13 10:9:43.85900,2472,2574,2676,2383,2374,2373,2390,2388,2565,2483,50
2019-9-13 10:9:43.169649,2472,2574,2676,2383,2374,2373,2390,2388,2565,2483,50
2019-9-13 10:9:43.261713,2472,2574,2676,2383,2374,2373,2390,2388,2565,2483,50
2019-9-13 10:9:43.366332,2473,2575,2677,2384,2375,2374,2391,2389,2566,2484,50
2019-9-13 10:9:43.461536,2473,2575,2677,2384,2375,2374,2391,2389,2566,2484,50
2019-9-13 10:9:43.549066,2473,2575,2677,2384,2375,2374,2391,2389,2566,2484,50
2019-9-13 10:9:43.640240,2473,2575,2677,2384,2375,2374,2391,2389,2566,2484,50
2019-9-13 10:9:43.739509,2473,2575,2677,2384,2375,2374,2391,2389,2566,2484,50
2019-9-13 10:9:43.841520,2474,2576,2678,2385,2376,2375,2392,2390,2567,2485,50
2019-9-13 10:9:43.939145,2474,2576,2678,2385,2376,2375,2392,2390,2567,2485,50
2019-9-13 10:9:44.42531,2474,2576,2678,2385,2376,2375,2392,2390,2567,2485,50
2019-9-13 10:9:44.144755,2474,2576,2678,2385,2376,2375,2392,2390,2567,2485,50
2019-9-13 10:9:44.233056,2474,2576,2678,2385,2376,2375,2392,2390,2567,2485,50
2019-9-13 10:9:44.329073,2475,2577,2679,2386,2377,2376,2393,2391,2568,2486,50
2019-9-13 10:9:44.430591,2475,2577,2679,2386,2377,2376,2393,2391,2568,2486,50
2019-9-13 10:9:44.519723,2475,2577,2679,2386,2377,2376,2393,2391,2568,2486,50
2019-9-13 10:9:44.621198,2475,2577,2679,2386,2377,2376,2393,2391,2568,2486,50
2019-9-13 10:9:44.710762,2475,2577,2679,2386,2377,2376,2393,2391,2568,2486,50
2019-9-13 10:9:44.814773,2475,2577,2679,2386,2377,2376,2394,2392,2569,2487,50
2019-9-13 10:9:44.900408,2476,2578,2680,2387,2378,2377,2394,2392,2569,2487,50
2019-9-13 10:9:44.996992,2476,2578,2680,2387,2378,2377,2394,2392,2569,2487,50
2019-9-13 10:9:45.102447,2476,2578,2680,2387,2378,2377,2394,2392,2569,2487,50
2019-9-13 10:9:45.177591,2476,2578,2680,2387,2378,2377,2394,2392,2569,2487,50
2019-9-13 10:9:45.279162,2476,2578,2680,2387,2378,2377,2394,2392,2569,2487,50
2019-9-13 10:9:45.370509,2477,2579,2681,2388,2379,2378,2395,2393,2570,2488,50
2019-9-13 10:9:45.483548,2477,2579,2681,2388,2379,2378,2395,2393,2570,2488,50
2019-9-13 10:9:45.586313,2477,2579,2681,2388,2379,2378,2395,2393,2570,2488,50
2019-9-13 10:9:45.683173,2477,2579,2681,2388,2379,2378,2395,2393,2570,2488,50
2019-9-13 10:9:45.771691,2477,2579,2681,2388,2379,2378,2395,2393,2570,2488,50
2019-9-13 10:9:45.881840,2478,2580,2682,2389,2380,2379,2396,2394,2571,2489,50
2019-9-13 10:9:45.995672,2478,2580,2682,2389,2380,2379,2396,2394,2571,2489,50
2019-9-13 10:9:46.104434,2478,2580,2682,2389,2380,2379,2396,2394,2571,2489,50
2019-9-13 10:9:46.235065,2478,2580,2682,2389,2380,2379,2396,2394,2571,2489,50
2019-9-13 10:9:46.344152,2478,2580,2682,2389,2380,2379,2397,2395,2572,2490,50
2019-9-13 10:9:46.427996,2479,2581,2683,2390,2381,2380,2397,2395,2572,2490,50
2019-9-13 10:9:46.518675,2479,2581,2683,2390,2381,2380,2397,2395,2572,2490,50
2019-9-13 10:9:46.606327,2479,2581,2683,2390,2381,2380,2397,2395,2572,2490,50
2019-9-13 10:9:46.695799,2479,2581,2683,2390,2381,2380,2397,2395,2572,2490,50
2019-9-13 10:9:46.785063,2479,2581,2683,2390,2381,2380,2397,2395,2572,2490,50
2019-9-13 10:9:46.883054,2480,2582,2684,2391,2382,2381,2398,2396,2573,2491,50
2019-9-13 10:9:46.969353,2480,2582,2684,2391,2382,2381,2398,2396,2573,2491,50
2019-9-13 10:9:47.74354,2480,2582,2684,2391,2382,2381,2398,2396,2573,2491,50
2019-9-13 10:9:47.171588,2480,2582,2684,2391,2382,2381,2398,2396,2573,2491,50
2019-9-13 10:9:47.261988,2480,2582,2684,2391,2382,2381,2398,2396,2573,2491,50
2019-9-13 10:9:47.361934,2480,2582,2684,2391,2382,2381,2399,2397,2574,2492,50
2019-9-13 10:9:47.465793,2481,2583,2685,2392,2383,2382,2399,2397,2574,2492,50
2019-9-13 10:9:47.548813,2481,2583,2685,2392,2383,2382,2399,2397,2574,2492,50
2019-9-13 10:9:47.640432,2481,2583,2685,2392,2383,2382,2399,2397,2574,2492,50
2019-9-13 10:9:47.743850,2481,2583,2685,2392,2383,2382,2399,2397,2574,2492,50
2019-9-13 10:9:47.851772,2481,2583,2685,2392,2383,2382,2399,2397,2574,2492,50
2019-9-13 10:9:47.939818,2482,2584,2686,2393,2384,2383,2400,2398,2575,2493,50
2019-9-13 10:9:48.53611,2482,2584,2686,2393,2384,2383,2400,2398,2575,2493,50
2019-9-13 10:9:48.153021,2482,2584,2686,2393,2384,2383,2400,2398,2575,2493,50
2019-9-13 10:9:48.246402,2482,2584,2686,2393,2384,2383,2400,2398,2575,2493,50
2019-9-13 10:9:48.345611,2482,2584,2686,2393,2384,2383,2400,2398,2575,2493,50
2019-9-13 10:9:48.440161,2483,2585,2687,2394,2385,2384,2401,2399,2576,2494,50
2019-9-13 10:9:48.539022,2483,2585,2687,2394,2385,2384,2401,2399,2576,2494,50
2019-9-13 10:9:48.646471,2483,2585,2687,2394,2385,2384,2401,2399,2576,2494,50
2019-9-13 10:9:48.757745,2483,2585,2687,2394,2385,2384,2401,2399,2576,2494,50
2019-9-13 10:9:48.863058,2483,2585,2687,2394,2385,2384,2401,2399,2576,2494,50
2019-9-13 10:9:48.955767,2484,2586,2688,2395,2386,2385,2402,2400,2577,2495,50
2019-9-13 10:9:49.57936,2484,2586,2688,2395,2386,2385,2402,2400,2577,2495,50
2019-9-13 10:9:49.149956,2484,2586,2688,2395,2386,2385,2402,2400,2577,2495,50
2019-9-13 10:9:49.248210,2484,2586,2688,2395,2386,2385,2402,2400,2577,2495,50
2019-9-13 10:9:49.339583,2484,2586,2688,2395,2386,2385,2402,2400,2577,2495,50
2019-9-13 10:9:49.443506,2484,2586,2688,2395,2386,2385,2403,2401,2578,2496,50
2019-9-13 10:9:49.520716,2485,2587,2689,2396,2387,2386,2403,2401,2578,2496,50
2019-9-13 10:9:49.609380,2485,2587,2689,2396,2387,2386,2403,2401,2578,2496,50
2019-9-13 10:9:49.714834,2485,2587,2689,2396,2387,2386,2403,2401,2578,2496,50
2019-9-13 10:9:49.812417,2485,2587,2689,2396,2387,2386,2403,2401,2578,2496,50
2019-9-13 10:9:49.908491,2485,2587,2689,2396,2387,2386,2404,2402,2579,2497,50
2019-9-13 10:9:49.995967,2486,2588,2690,2397,2388,2387,2404,2402,2579,2497,50
2019-9-13 10:9:50.94344,2486,2588,2690,2397,2388,2387,2404,2402,2579,2497,50
2019-9-13 10:9:50.171863,2486,2588,2690,2397,2388,2387,2404,2402,2579,2497,50
2019-9-13 10:9:50.294891,2486,2588,2690,2397,2388,2387,2404,2402,2579,2497,50
2019-9-13 10:9:50.379977,2486,2588,2690,2397,2388,2387,2404,2402,2579,2497,50
2019-9-13 10:9:50.471820,2487,2589,2691,2398,2389,2388,2405,2403,2580,2498,50
2019-9-13 10:9:50.569935,2487,2589,2691,2398,2389,2388,2405,2403,2580,2498,50
2019-9-13 10:9:50.672663,2487,2589,2691,2398,2389,2388,2405,2403,2580,2498,50
2019-9-13 10:9:50.769795,2487,2589,2691,2398,2389,2388,2405,2403,2580,2498,50
2019-9-13 10:9:50.873669,2487,2589,2691,2398,2389,2388,2405,2403,2580,2498,50
2019-9-13 10:9:50.974947,2488,2590,2692,2399,2390,2389,2406,2404,2581,2499,50
2019-9-13 10:9:51.79677,2488,2590,2692,2399,2390,2389,2406,2404,2581,2499,50
2019-9-13 10:9:51.181439,2488,2590,2692,2399,2390,2389,2406,2404,2581,2499,50
2019-9-13 10:9:51.274854,2488,2590,2692,2399,2390,2389,2406,2404,2581,2499,50
2019-9-13 10:9:51.369920,2488,2590,2692,2399,2390,2389,2406,2404,2581,2499,50
2019-9-13 10:9:51.469530,2489,2591,2693,2400,2391,2390,2407,2405,2582,2500,50
2019-9-13 10:9:51.572648,2489,2591,2693,2400,2391,2390,2407,2405,2582,2500,50
2019-9-13 10:9:51.658509,2489,2591,2693,2400,2391,2390,2407,2405,2582,2500,50
2019-9-13 10:9:51.739327,2489,2591,2693,2400,2391,2390,2407,2405,2582,2500,50
2019-9-13 10:9:51.844259,2489,2591,2693,2400,2391,2390,2407,2405,2582,2500,50
2019-9-13 10:9:51.949354,2489,2591,2693,2400,2391,2390,2408,2406,2583,2501,50
2019-9-13 10:9:52.53604,2490,2592,2694,2401,2392,2391,2408,2406,2583,2501,50
2019-9-13 10:9:52.149508,2490,2592,2694,2401,2392,2391,2408,2406,2583,2501,50
2019-9-13 10:9:52.254880,2490,2592,2694,2401,2392,2391,2408,2406,2583,2501,50
2019-9-13 10:9:52.362907,2490,2592,2694,2401,2392,2391,2408,2406,2583,2501,50
2019-9-13 10:9:52.451042,2490,2592,2694,2401,2392,2391,2409,2407,2584,2502,50
2019-9-13 10:9:52.561039,2491,2593,2695,2402,2393,2392,2409,2407,2584,2502,50
2019-9-13 10:9:52.665847,2491,2593,2695,2402,2393,2392,2409,2407,2584,2502,50
2019-9-13 10:9:52.763219,2491,2593,2695,2402,2393,2392,2409,2407,2584,2502,50
2019-9-13 10:9:52.858855,2491,2593,2695,2402,2393,2392,2409,2407,2584,2502,50
2019-9-13 10:9:52.964950,2491,2593,2695,2402,2393,2392,2409,2407,2584,2502,50
2019-9-13 10:9:53.60348,2492,2594,2696,2403,2394,2393,2410,2408,2585,2503,50
2019-9-13 10:9:53.159062,2492,2594,2696,2403,2394,2393,2410,2408,2585,2503,50
2019-9-13 10:9:53.249876,2492,2594,2696,2403,2394,2393,2410,2408,2585,2503,50
2019-9-13 10:9:53.365699,2492,2594,2696,2403,2394,2393,2410,2408,2585,2503,50
2019-9-13 10:9:53.485571,2492,2594,2696,2403,2394,2393,2411,2409,2586,2504,50
2019-9-13 10:9:53.593539,2493,2595,2697,2404,2395,2394,2411,2409,2586,2504,50
2019-9-13 10:9:53.690976,2493,2595,2697,2404,2395,2394,2411,2409,2586,2504,50
2019-9-13 10:9:53.795036,2493,2595,2697,2404,2395,2394,2411,2409,2586,2504,50
2019-9-13 10:9:53.892837,2493,2595,2697,2404,2395,2394,2411,2409,2586,2504,50
2019-9-13 10:9:53.988058,2493,2595,2697,2404,2395,2394,2412,2410,2587,2505,50
2019-9-13 10:9:54.83778,2494,2596,2698,2405,2396,2395,2412,2410,2587,2505,50
2019-9-13 10:9:54.175615,2494,2596,2698,2405,2396,2395,2412,2410,2587,2505,50
2019-9-13 10:9:54.279744,2494,2596,2698,2405,2396,2395,2412,2410,2587,2505,50
2019-9-13 10:9:54.371286,2494,2596,2698,2405,2396,2395,2412,2410,2587,2505,50
2019-9-13 10:9:54.479947,2494,2596,2698,2405,2396,2395,2412,2410,2587,2505,50
2019-9-13 10:9:54.582281,2495,2597,2699,2406,2397,2396,2413,2411,2588,2506,50
2019-9-13 10:9:54.657543,2495,2597,2699,2406,2397,2396,2413,2411,2588,2506,50
2019-9-13 10:9:54.738992,2495,2597,2699,2406,2397,2396,2413,2411,2588,2506,50
2019-9-13 10:9:54.834077,2495,2597,2699,2406,2397,2396,2413,2411,2588,2506,50
2019-9-13 10:9:54.910721,2495,2597,2699,2406,2397,2396,2413,2411,2588,2506,50
2019-9-13 10:9:55.654,2495,2597,2699,2406,2397,2396,2413,2411,2588,2506,50
2019-9-13 10:9:55.98426,2496,2598,2700,2407,2398,2397,2414,2412,2589,2507,50
2019-9-13 10:9:55.197413,2496,2598,2700,2407,2398,2397,2414,2412,2589,2507,50
2019-9-13 10:9:55.294122,2496,2598,2700,2407,2398,2397,2414,2412,2589,2507,50
2019-9-13 10:9:55.401741,2496,2598,2700,2407,2398,2397,2414,2412,2589,2507,50
2019-9-13 10:9:55.513131,2496,2598,2700,2407,2398,2397,2414,2412,2589,2507,50
2019-9-13 10:9:55.612231,2497,2599,2701,2408,2399,2398,2415,2413,2590,2508,50
2019-9-13 10:9:55.689441,2497,2599,2701,2408,2399,2398,2415,2413,2590,2508,50
2019-9-13 10:9:55.770054,2497,2599,2701,2408,2399,2398,2415,2413,2590,2508,50
2019-9-13 10:9:55.873472,2497,2599,2701,2408,2399,2398,2415,2413,2590,2508,50
2019-9-13 10:9:55.971141,2497,2599,2701,2408,2399,2398,2415,2413,2590,2508,50
2019-9-13 10:9:56.70526,2497,2599,2701,2408,2399,2398,2416,2414,2591,2509,50
2019-9-13 10:9:56.175471,2498,2600,2702,2409,2400,2399,2416,2414,2591,2509,50
2019-9-13 10:9:56.270872,2498,2600,2702,2409,2400,2399,2416,2414,2591,2509,50
2019-9-13 10:9:56.362646,2498,2600,2702,2409,2400,2399,2416,2414,2591,2509,50
2019-9-13 10:9:56.475408,2498,2600,2702,2409,2400,2399,2416,2414,2591,2509,50
2019-9-13 10:9:56.585417,2498,2600,2702,2409,2400,2399,2417,2415,2592,2510,50
2019-9-13 10:9:56.685843,2499,2601,2703,2410,2401,2400,2417,2415,2592,2510,50
2019-9-13 10:9:56.785003,2499,2601,2703,2410,2401,2400,2417,2415,2592,2510,50
2019-9-13 10:9:56.888282,2499,2601,2703,2410,2401,2400,2417,2415,2592,2510,50
2019-9-13 10:9:57.2132,2499,2601,2703,2410,2401,2400,2417,2415,2592,2510,50
2019-9-13 10:9:57.87893,2499,2601,2703,2410,2401,2400,2417,2415,2592,2510,50
2019-9-13 10:9:57.190614,2500,2602,2704,2411,2402,2401,2418,2416,2593,2511,50
2019-9-13 10:9:57.299628,2500,2602,2704,2411,2402,2401,2418,2416,2593,2511,50
2019-9-13 10:9:57.391436,2500,2602,2704,2411,2402,2401,2418,2416,2593,2511,50
2019-9-13 10:9:57.491364,2500,2602,2704,2411,2402,2401,2418,2416,2593,2511,50
2019-9-13 10:9:57.605541,2500,2602,2704,2411,2402,2401,2418,2416,2593,2511,50
2019-9-13 10:9:57.702695,2501,2603,2705,2412,2403,2402,2419,2417,2594,2512,50
2019-9-13 10:9:57.793251,2501,2603,2705,2412,2403,2402,2419,2417,2594,2512,50
2019-9-13 10:9:57.869623,2501,2603,2705,2412,2403,2402,2419,2417,2594,2512,50
2019-9-13 10:9:57.961546,2501,2603,2705,2412,2403,2402,2419,2417,2594,2512,50
2019-9-13 10:9:58.60490,2501,2603,2705,2412,2403,2402,2419,2417,2594,2512,50
2019-9-13 10:9:58.172157,2502,2604,2706,2413,2404,2403,2420,2418,2595,2513,50
2019-9-13 10:9:58.269384,2502,2604,2706,2413,2404,2403,2420,2418,2595,2513,50
2019-9-13 10:9:58.361344,2502,2604,2706,2413,2404,2403,2420,2418,2595,2513,50
2019-9-13 10:9:58.441067,2502,2604,2706,2413,2404,2403,2420,2418,2595,2513,50
2019-9-13 10:9:58.532016,2502,2604,2706,2413,2404,2403,2420,2418,2595,2513,50
2019-9-13 10:9:58.637228,2502,2604,2706,2413,2404,2403,2420,2418,2595,2513,50
2019-9-13 10:9:58.741087,2503,2605,2707,2414,2405,2404,2421,2419,2596,2514,50
2019-9-13 10:9:58.838421,2503,2605,2707,2414,2405,2404,2421,2419,2596,2514,50
2019-9-13 10:9:58.945200,2503,2605,2707,2414,2405,2404,2421,2419,2596,2514,50
2019-9-13 10:9:59.30714,2503,2605,2707,2414,2405,2404,2421,2419,2596,2514,50
2019-9-13 10:9:59.129491,2503,2605,2707,2414,2405,2404,2421,2419,2596,2514,50
2019-9-13 10:9:59.208815,2504,2606,2708,2415,2406,2405,2422,2420,2597,2515,50
2019-9-13 10:9:59.308489,2504,2606,2708,2415,2406,2405,2422,2420,2597,2515,50
2019-9-13 10:9:59.412928,2504,2606,2708,2415,2406,2405,2422,2420,2597,2515,50
2019-9-13 10:9:59.526581,2504,2606,2708,2415,2406,2405,2422,2420,2597,2515,50
2019-9-13 10:9:59.617146,2504,2606,2708,2415,2406,2405,2422,2420,2597,2515,50
2019-9-13 10:9:59.718309,2505,2607,2709,2416,2407,2406,2423,2421,2598,2516,50
2019-9-13 10:9:59.820118,2505,2607,2709,2416,2407,2406,2423,2421,2598,2516,50
2019-9-13 10:9:59.923641,2505,2607,2709,2416,2407,2406,2423,2421,2598,2516,50
2019-9-13 10:10:0.31250,2505,2607,2709,2416,2407,2406,2423,2421,2598,2516,50
2019-9-13 10:10:0.130061,2505,2607,2709,2416,2407,2406,2423,2421,2598,2516,50
2019-9-13 10:10:0.234593,2506,2608,2710,2417,2408,2407,2424,2422,2599,2517,50
2019-9-13 10:10:0.341122,2506,2608,2710,2417,2408,2407,2424,2422,2599,2517,50
2019-9-13 10:10:0.444950,2506,2608,2710,2417,2408,2407,2424,2422,2599,2517,50
2019-9-13 10:10:0.544765,2506,2608,2710,2417,2408,2407,2424,2422,2599,2517,50
2019-9-13 10:10:0.639509,2506,2608,2710,2417,2408,2407,2424,2422,2599,2517,50
2019-9-13 10:10:0.746942,2507,2609,2711,2418,2409,2408,2425,2423,2600,2518,50
2019-9-13 10:10:0.842173,2507,2609,2711,2418,2409,2408,2425,2423,2600,2518,50
2019-9-13 10:10:0.950581,2507,2609,2711,2418,2409,2408,2425,2423,2600,2518,50
2019-9-13 10:10:1.55119,2507,2609,2711,2418,2409,2408,2425,2423,2600,2518,50
2019-9-13 10:10:1.149370,2507,2609,2711,2418,2409,2408,2425,2423,2600,2518,50
2019-9-13 10:10:1.253981,2508,2610,2712,2419,2410,2409,2426,2424,2601,2519,50
2019-9-13 10:10:1.354710,2508,2610,2712,2419,2410,2409,2426,2424,2601,2519,50
2019-9-13 10:10:1.448881,2508,2610,2712,2419,2410,2409,2426,2424,2601,2519,50
2019-9-13 10:10:1.555049,2508,2610,2712,2419,2410,2409,2426,2424,2601,2519,50
2019-9-13 10:10:1.650064,2508,2610,2712,2419,2410,2409,2426,2424,2601,2519,50
2019-9-13 10:10:1.742188,2508,2610,2712,2419,2410,2409,2427,2425,2602,2520,50
2019-9-13 10:10:1.829336,2509,2611,2713,2420,2411,2410,2427,2425,2602,2520,50
2019-9-13 10:10:1.921597,2509,2611,2713,2420,2411,2410,2427,2425,2602,2520,50
2019-9-13 10:10:2.22111,2509,2611,2713,2420,2411,2410,2427,2425,2602,2520,50
2019-9-13 10:10:2.116215,2509,2611,2713,2420,2411,2410,2427,2425,2602,2520,50
2019-9-13 10:10:2.197426,2509,2611,2713,2420,2411,2410,2427,2425,2602,2520,50
2019-9-13 10:10:2.292499,2510,2612,2714,2421,2412,2411,2428,2426,2603,2521,50
2019-9-13 10:10:2.374805,2510,2612,2714,2421,2412,2411,2428,2426,2603,2521,50
2019-9-13 10:10:2.460503,2510,2612,2714,2421,2412,2411,2428,2426,2603,2521,50
2019-9-13 10:10:2.562862,2510,2612,2714,2421,2412,2411,2428,2426,2603,2521,50
2019-9-13 10:10:2.655883,2510,2612,2714,2421,2412,2411,2428,2426,2603,2521,50
2019-9-13 10:10:2.774717,2510,2612,2714,2421,2412,2411,2429,2427,2604,2522,50
2019-9-13 10:10:2.868191,2511,2613,2715,2422,2413,2412,2429,2427,2604,2522,50
2019-9-13 10:10:2.955627,2511,2613,2715,2422,2413,2412,2429,2427,2604,2522,50
2019-9-13 10:10:3.39353,2511,2613,2715,2422,2413,2412,2429,2427,2604,2522,50
2019-9-13 10:10:3.138268,2511,2613,2715,2422,2413,2412,2429,2427,2604,2522,50
2019-9-13 10:10:3.239804,2511,2613,2715,2422,2413,2412,2430,2428,2605,2523,50
2019-9-13 10:10:3.345283,2512,2614,2716,2423,2414,2413,2430,2428,2605,2523,50
2019-9-13 10:10:3.430148,2512,2614,2716,2423,2414,2413,2430,2428,2605,2523,50
2019-9-13 10:10:3.505169,2512,2614,2716,2423,2414,2413,2430,2428,2605,2523,50
2019-9-13 10:10:3.588075,2512,2614,2716,2423,2414,2413,2430,2428,2605,2523,50
2019-9-13 10:10:3.689673,2512,2614,2716,2423,2414,2413,2430,2428,2605,2523,50
2019-9-13 10:10:3.781554,2513,2615,2717,2424,2415,2414,2431,2429,2606,2524,50
2019-9-13 10:10:3.881391,2513,2615,2717,2424,2415,2414,2431,2429,2606,2524,50
2019-9-13 10:10:3.971511,2513,2615,2717,2424,2415,2414,2431,2429,2606,2524,50
2019-9-13 10:10:4.76354,2513,2615,2717,2424,2415,2414,2431,2429,2606,2524,50
2019-9-13 10:10:4.192519,2513,2615,2717,2424,2415,2414,2431,2429,2606,2524,50
2019-9-13 10:10:4.294689,2513,2615,2717,2424,2415,2414,2432,2430,2607,2525,50
2019-9-13 10:10:4.389800,2514,2616,2718,2425,2416,2415,2432,2430,2607,2525,50
2019-9-13 10:10:4.504069,2514,2616,2718,2425,2416,2415,2432,2430,2607,2525,50
2019-9-13 10:10:4.590346,2514,2616,2718,2425,2416,2415,2432,2430,2607,2525,50
2019-9-13 10:10:4.692771,2514,2616,2718,2425,2416,2415,2432,2430,2607,2525,50
2019-9-13 10:10:4.779153,2514,2616,2718,2425,2416,2415,2433,2431,2608,2526,50
2019-9-13 10:10:4.877485,2515,2617,2719,2426,2417,2416,2433,2431,2608,2526,50
2019-9-13 10:10:4.971373,2515,2617,2719,2426,2417,2416,2433,2431,2608,2526,50
2019-9-13 10:10:5.61260,2515,2617,2719,2426,2417,2416,2433,2431,2608,2526,50
2019-9-13 10:10:5.152184,2515,2617,2719,2426,2417,2416,2433,2431,2608,2526,50
2019-9-13 10:10:5.252156,2515,2617,2719,2426,2417,2416,2433,2431,2608,2526,50
2019-9-13 10:10:5.344952,2516,2618,2720,2427,2418,2417,2434,2432,2609,2527,50
2019-9-13 10:10:5.449894,2516,2618,2720,2427,2418,2417,2434,2432,2609,2527,50
2019-9-13 10:10:5.544707,2516,2618,2720,2427,2418,2417,2434,2432,2609,2527,50
2019-9-13 10:10:5.640610,2516,2618,2720,2427,2418,2417,2434,2432,2609,2527,50
2019-9-13 10:10:5.748189,2516,2618,2720,2427,2418,2417,2434,2432,2609,2527,50
2019-9-13 10:10:5.840831,2517,2619,2721,2428,2419,2418,2435,2433,2610,2528,50
2019-9-13 10:10:5.944969,2517,2619,2721,2428,2419,2418,2435,2433,2610,2528,50
2019-9-13 10:10:6.32094,2517,2619,2721,2428,2419,2418,2435,2433,2610,2528,50
2019-9-13 10:10:6.133966,2517,2619,2721,2428,2419,2418,2435,2433,2610,2528,50
2019-9-13 10:10:6.211455,2517,2619,2721,2428,2419,2418,2435,2433,2610,2528,50
2019-9-13 10:10:6.288158,2517,2619,2721,2428,2419,2418,2435,2433,2610,2528,50
2019-9-13 10:10:6.378406,2518,2620,2722,2429,2420,2419,2436,2434,2611,2529,50
2019-9-13 10:10:6.479261,2518,2620,2722,2429,2420,2419,2436,2434,2611,2529,50
2019-9-13 10:10:6.562321,2518,2620,2722,2429,2420,2419,2436,2434,2611,2529,50
2019-9-13 10:10:6.662567,2518,2620,2722,2429,2420,2419,2436,2434,2611,2529,50
2019-9-13 10:10:6.764063,2518,2620,2722,2429,2420,2419,2436,2434,2611,2529,50
2019-9-13 10:10:6.860934,2519,2621,2723,2430,2421,2420,2437,2435,2612,2530,50
2019-9-13 10:10:6.959383,2519,2621,2723,2430,2421,2420,2437,2435,2612,2530,50
2019-9-13 10:10:7.64151,2519,2621,2723,2430,2421,2420,2437,2435,2612,2530,50
2019-9-13 10:10:7.160980,2519,2621,2723,2430,2421,2420,2437,2435,2612,2530,50
2019-9-13 10:10:7.265352,2519,2621,2723,2430,2421,2420,2437,2435,2612,2530,50
2019-9-13 10:10:7.368565,2520,2622,2724,2431,2422,2421,2438,2436,2613,2531,50
2019-9-13 10:10:7.470309,2520,2622,2724,2431,2422,2421,2438,2436,2613,2531,50
2019-9-13 10:10:7.572314,2520,2622,2724,2431,2422,2421,2438,2436,2613,2531,50
2019-9-13 10:10:7.651039,2520,2622,2724,2431,2422,2421,2438,2436,2613,2531,50
2019-9-13 10:10:7.738763,2520,2622,2724,2431,2422,2421,2438,2436,2613,2531,50
2019-9-13 10:10:7.831562,2520,2622,2724,2431,2422,2421,2439,2437,2614,2532,50
2019-9-13 10:10:7.932364,2521,2623,2725,2432,2423,2422,2439,2437,2614,2532,50
2019-9-13 10:10:8.51890,2521,2623,2725,2432,2423,2422,2439,2437,2614,2532,50
2019-9-13 10:10:8.137496,2521,2623,2725,2432,2423,2422,2439,2437,2614,2532,50
2019-9-13 10:10:8.238980,2521,2623,2725,2432,2423,2422,2439,2437,2614,2532,50
2019-9-13 10:10:8.335686,2521,2623,2725,2432,2423,2422,2439,2437,2614,2532,50
2019-9-13 10:10:8.421144,2522,2624,2726,2433,2424,2423,2440,2438,2615,2533,50
2019-9-13 10:10:8.519206,2522,2624,2726,2433,2424,2423,2440,2438,2615,2533,50
2019-9-13 10:10:8.599512,2522,2624,2726,2433,2424,2423,2440,2438,2615,2533,50
2019-9-13 10:10:8.710952,2522,2624,2726,2433,2424,2423,2440,2438,2615,2533,50
2019-9-13 10:10:8.801550,2522,2624,2726,2433,2424,2423,2440,2438,2615,2533,50
2019-9-13 10:10:8.912410,2523,2625,2727,2434,2425,2424,2441,2439,2616,2534,50
2019-9-13 10:10:9.32836,2523,2625,2727,2434,2425,2424,2441,2439,2616,2534,50
2019-9-13 10:10:9.122683,2523,2625,2727,2434,2425,2424,2441,2439,2616,2534,50
2019-9-13 10:10:9.213673,2523,2625,2727,2434,2425,2424,2441,2439,2616,2534,50
2019-9-13 10:10:9.306987,2523,2625,2727,2434,2425,2424,2441,2439,2616,2534,50
2019-9-13 10:10:9.413303,2524,2626,2728,2435,2426,2425,2442,2440,2617,2535,50
2019-9-13 10:10:9.513228,2524,2626,2728,2435,2426,2425,2442,2440,2617,2535,50
2019-9-13 10:10:9.613408,2524,2626,2728,2435,2426,2425,2442,2440,2617,2535,50
2019-9-13 10:10:9.702534,2524,2626,2728,2435,2426,2425,2442,2440,2617,2535,50
2019-9-13 10:10:9.800536,2524,2626,2728,2435,2426,2425,2442,2440,2617,2535,50
2019-9-13 10:10:9.904659,2525,2627,2729,2436,2427,2426,2443,2441,2618,2536,50
2019-9-13 10:10:10.1357,2525,2627,2729,2436,2427,2426,2443,2441,2618,2536,50
2019-9-13 10:10:10.113085,2525,2627,2729,2436,2427,2426,2443,2441,2618,2536,50
2019-9-13 10:10:10.203981,2525,2627,2729,2436,2427,2426,2443,2441,2618,2536,50
2019-9-13 10:10:10.277836,2525,2627,2729,2436,2427,2426,2443,2441,2618,2536,50
2019-9-13 10:10:10.356240,2525,2627,2729,2436,2427,2426,2444,2442,2619,2537,50
2019-9-13 10:10:10.452268,2526,2628,2730,2437,2428,2427,2444,2442,2619,2537,50
2019-9-13 10:10:10.558763,2526,2628,2730,2437,2428,2427,2444,2442,2619,2537,50
2019-9-13 10:10:10.652664,2526,2628,2730,2437,2428,2427,2444,2442,2619,2537,50
2019-9-13 10:10:10.756363,2526,2628,2730,2437,2428,2427,2444,2442,2619,2537,50
2019-9-13 10:10:10.866424,2526,2628,2730,2437,2428,2427,2444,2442,2619,2537,50
2019-9-13 10:10:10.963378,2527,2629,2731,2438,2429,2428,2445,2443,2620,2538,50
2019-9-13 10:10:11.58383,2527,2629,2731,2438,2429,2428,2445,2443,2620,2538,50
2019-9-13 10:10:11.174106,2527,2629,2731,2438,2429,2428,2445,2443,2620,2538,50
2019-9-13 10:10:11.258910,2527,2629,2731,2438,2429,2428,2445,2443,2620,2538,50
2019-9-13 10:10:11.359479,2527,2629,2731,2438,2429,2428,2445,2443,2620,2538,50
2019-9-13 10:10:11.455237,2528,2630,2732,2439,2430,2429,2446,2444,2621,2539,50
2019-9-13 10:10:11.541165,2528,2630,2732,2439,2430,2429,2446,2444,2621,2539,50
2019-9-13 10:10:11.640363,2528,2630,2732,2439,2430,2429,2446,2444,2621,2539,50
2019-9-13 10:10:11.738642,2528,2630,2732,2439,2430,2429,2446,2444,2621,2539,50
2019-9-13 10:10:11.819789,2528,2630,2732,2439,2430,2429,2446,2444,2621,2539,50
2019-9-13 10:10:11.912438,2528,2630,2732,2439,2430,2429,2447,2445,2622,2540,50
2019-9-13 10:10:12.13233,2529,2631,2733,2440,2431,2430,2447,2445,2622,2540,50
2019-9-13 10:10:12.110095,2529,2631,2733,2440,2431,2430,2447,2445,2622,2540,50
2019-9-13 10:10:12.199935,2529,2631,2733,2440,2431,2430,2447,2445,2622,2540,50
2019-9-13 10:10:12.314832,2529,2631,2733,2440,2431,2430,2447,2445,2622,2540,50
2019-9-13 10:10:12.415763,2529,2631,2733,2440,2431,2430,2447,2445,2622,2540,50
2019-9-13 10:10:12.525319,2530,2632,2734,2441,2432,2431,2448,2446,2623,2541,50
2019-9-13 10:10:12.610149,2530,2632,2734,2441,2432,2431,2448,2446,2623,2541,50
2019-9-13 10:10:12.700747,2530,2632,2734,2441,2432,2431,2448,2446,2623,2541,50
2019-9-13 10:10:12.793521,2530,2632,2734,2441,2432,2431,2448,2446,2623,2541,50
2019-9-13 10:10:12.879916,2530,2632,2734,2441,2432,2431,2448,2446,2623,2541,50
2019-9-13 10:10:12.978674,2531,2633,2735,2442,2433,2432,2449,2447,2624,2542,50
2019-9-13 10:10:13.70412,2531,2633,2735,2442,2433,2432,2449,2447,2624,2542,50
2019-9-13 10:10:13.182755,2531,2633,2735,2442,2433,2432,2449,2447,2624,2542,50
2019-9-13 10:10:13.271544,2531,2633,2735,2442,2433,2432,2449,2447,2624,2542,50
2019-9-13 10:10:13.358863,2531,2633,2735,2442,2433,2432,2449,2447,2624,2542,50
2019-9-13 10:10:13.460573,2531,2633,2735,2442,2433,2432,2450,2448,2625,2543,50
2019-9-13 10:10:13.560577,2532,2634,2736,2443,2434,2433,2450,2448,2625,2543,50
2019-9-13 10:10:13.664779,2532,2634,2736,2443,2434,2433,2450,2448,2625,2543,50
2019-9-13 10:10:13.766269,2532,2634,2736,2443,2434,2433,2450,2448,2625,2543,50
2019-9-13 10:10:13.883860,2532,2634,2736,2443,2434,2433,2450,2448,2625,2543,50
2019-9-13 10:10:13.976566,2533,2635,2737,2444,2435,2434,2451,2449,2626,2544,50
2019-9-13 10:10:14.73440,2533,2635,2737,2444,2435,2434,2451,2449,2626,2544,50
2019-9-13 10:10:14.170344,2533,2635,2737,2444,2435,2434,2451,2449,2626,2544,50
2019-9-13 10:10:14.272260,2533,2635,2737,2444,2435,2434,2451,2449,2626,2544,50
2019-9-13 10:10:14.368799,2533,2635,2737,2444,2435,2434,2451,2449,2626,2544,50
2019-9-13 10:10:14.472819,2533,2635,2737,2444,2435,2434,2452,2450,2627,2545,50
2019-9-13 10:10:14.561124,2534,2636,2738,2445,2436,2435,2452,2450,2627,2545,50
2019-9-13 10:10:14.663003,2534,2636,2738,2445,2436,2435,2452,2450,2627,2545,50
2019-9-13 10:10:14.766487,2534,2636,2738,2445,2436,2435,2452,2450,2627,2545,50
2019-9-13 10:10:14.874733,2534,2636,2738,2445,2436,2435,2452,2450,2627,2545,50
2019-9-13 10:10:14.969926,2535,2637,2739,2446,2437,2436,2453,2451,2628,2546,50
2019-9-13 10:10:15.70222,2535,2637,2739,2446,2437,2436,2453,2451,2628,2546,50
2019-9-13 10:10:15.175397,2535,2637,2739,2446,2437,2436,2453,2451,2628,2546,50
2019-9-13 10:10:15.278161,2535,2637,2739,2446,2437,2436,2453,2451,2628,2546,50
2019-9-13 10:10:15.371454,2535,2637,2739,2446,2437,2436,2453,2451,2628,2546,50
2019-9-13 10:10:15.472025,2535,2637,2739,2446,2437,2436,2454,2452,2629,2547,50
2019-9-13 10:10:15.560870,2536,2638,2740,2447,2438,2437,2454,2452,2629,2547,50
2019-9-13 10:10:15.641263,2536,2638,2740,2447,2438,2437,2454,2452,2629,2547,50
2019-9-13 10:10:15.729982,2536,2638,2740,2447,2438,2437,2454,2452,2629,2547,50
2019-9-13 10:10:15.846021,2536,2638,2740,2447,2438,2437,2454,2452,2629,2547,50
2019-9-13 10:10:15.949127,2536,2638,2740,2447,2438,2437,2454,2452,2629,2547,50
2019-9-13 10:10:16.45091,2537,2639,2741,2448,2439,2438,2455,2453,2630,2548,50
2019-9-13 10:10:16.129654,2537,2639,2741,2448,2439,2438,2455,2453,2630,2548,50
2019-9-13 10:10:16.235486,2537,2639,2741,2448,2439,2438,2455,2453,2630,2548,50
2019-9-13 10:10:16.330025,2537,2639,2741,2448,2439,2438,2455,2453,2630,2548,50
2019-9-13 10:10:16.422180,2537,2639,2741,2448,2439,2438,2455,2453,2630,2548,50
2019-9-13 10:10:16.521321,2538,2640,2742,2449,2440,2439,2456,2454,2631,2549,50
2019-9-13 10:10:16.624594,2538,2640,2742,2449,2440,2439,2456,2454,2631,2549,50
2019-9-13 10:10:16.721666,2538,2640,2742,2449,2440,2439,2456,2454,2631,2549,50
2019-9-13 10:10:16.814995,2538,2640,2742,2449,2440,2439,2456,2454,2631,2549,50
2019-9-13 10:10:16.900188,2538,2640,2742,2449,2440,2439,2456,2454,2631,2549,50
2019-9-13 10:10:16.999375,2538,2640,2742,2449,2440,2439,2457,2455,2632,2550,50
2019-9-13 10:10:17.85967,2539,2641,2743,2450,2441,2440,2457,2455,2632,2550,50
2019-9-13 10:10:17.184351,2539,2641,2743,2450,2441,2440,2457,2455,2632,2550,50
2019-9-13 10:10:17.293366,2539,2641,2743,2450,2441,2440,2457,2455,2632,2550,50
2019-9-13 10:10:17.377095,2539,2641,2743,2450,2441,2440,2457,2455,2632,2550,50
2019-9-13 10:10:17.461694,2539,2641,2743,2450,2441,2440,2457,2455,2632,2550,50
2019-9-13 10:10:17.552372,2540,2642,2744,2451,2442,2441,2458,2456,2633,2551,50
2019-9-13 10:10:17.653382,2540,2642,2744,2451,2442,2441,2458,2456,2633,2551,50
2019-9-13 10:10:17.732756,2540,2642,2744,2451,2442,2441,2458,2456,2633,2551,50
2019-9-13 10:10:17.833388,2540,2642,2744,2451,2442,2441,2458,2456,2633,2551,50
2019-9-13 10:10:17.920894,2540,2642,2744,2451,2442,2441,2458,2456,2633,2551,50
2019-9-13 10:10:18.9674,2540,2642,2744,2451,2442,2441,2459,2457,2634,2552,50
2019-9-13 10:10:18.108082,2541,2643,2745,2452,2443,2442,2459,2457,2634,2552,50
2019-9-13 10:10:18.199031,2541,2643,2745,2452,2443,2442,2459,2457,2634,2552,50
2019-9-13 10:10:18.289486,2541,2643,2745,2452,2443,2442,2459,2457,2634,2552,50
2019-9-13 10:10:18.381036,2541,2643,2745,2452,2443,2442,2459,2457,2634,2552,50
2019-9-13 10:10:18.467790,2541,2643,2745,2452,2443,2442,2459,2457,2634,2552,50
2019-9-13 10:10:18.559196,2542,2644,2746,2453,2444,2443,2460,2458,2635,2553,50
2019-9-13 10:10:18.650125,2542,2644,2746,2453,2444,2443,2460,2458,2635,2553,50
2019-9-13 10:10:18.754442,2542,2644,2746,2453,2444,2443,2460,2458,2635,2553,50
2019-9-13 10:10:18.851128,2542,2644,2746,2453,2444,2443,2460,2458,2635,2553,50
2019-9-13 10:10:18.949683,2542,2644,2746,2453,2444,2443,2460,2458,2635,2553,50
2019-9-13 10:10:19.40432,2542,2644,2746,2453,2444,2443,2461,2459,2636,2554,50
2019-9-13 10:10:19.131006,2543,2645,2747,2454,2445,2444,2461,2459,2636,2554,50
2019-9-13 10:10:19.242484,2543,2645,2747,2454,2445,2444,2461,2459,2636,2554,50
2019-9-13 10:10:19.342968,2543,2645,2747,2454,2445,2444,2461,2459,2636,2554,50
2019-9-13 10:10:19.446361,2543,2645,2747,2454,2445,2444,2461,2459,2636,2554,50
2019-9-13 10:10:19.532085,2543,2645,2747,2454,2445,2444,2461,2459,2636,2554,50
2019-9-13 10:10:19.631718,2544,2646,2748,2455,2446,2445,2462,2460,2637,2555,50
2019-9-13 10:10:19.730515,2544,2646,2748,2455,2446,2445,2462,2460,2637,2555,50
2019-9-13 10:10:19.829668,2544,2646,2748,2455,2446,2445,2462,2460,2637,2555,50
2019-9-13 10:10:19.931877,2544,2646,2748,2455,2446,2445,2462,2460,2637,2555,50
2019-9-13 10:10:20.25977,2544,2646,2748,2455,2446,2445,2462,2460,2637,2555,50
2019-9-13 10:10:20.121008,2545,2647,2749,2456,2447,2446,2463,2461,2638,2556,50
2019-9-13 10:10:20.220845,2545,2647,2749,2456,2447,2446,2463,2461,2638,2556,50
2019-9-13 10:10:20.318757,2545,2647,2749,2456,2447,2446,2463,2461,2638,2556,50
2019-9-13 10:10:20.410193,2545,2647,2749,2456,2447,2446,2463,2461,2638,2556,50
2019-9-13 10:10:20.513810,2545,2647,2749,2456,2447,2446,2463,2461,2638,2556,50
2019-9-13 10:10:20.613690,2546,2648,2750,2457,2448,2447,2464,2462,2639,2557,50
2019-9-13 10:10:20.716485,2546,2648,2750,2457,2448,2447,2464,2462,2639,2557,50
2019-9-13 10:10:20.823286,2546,2648,2750,2457,2448,2447,2464,2462,2639,2557,50
2019-9-13 10:10:20.925819,2546,2648,2750,2457,2448,2447,2464,2462,2639,2557,50
2019-9-13 10:10:21.30843,2546,2648,2750,2457,2448,2447,2464,2462,2639,2557,50
2019-9-13 10:10:21.109005,2547,2649,2751,2458,2449,2448,2465,2463,2640,2558,50
2019-9-13 10:10:21.210495,2547,2649,2751,2458,2449,2448,2465,2463,2640,2558,50
2019-9-13 10:10:21.324470,2547,2649,2751,2458,2449,2448,2465,2463,2640,2558,50
2019-9-13 10:10:21.410613,2547,2649,2751,2458,2449,2448,2465,2463,2640,2558,50
2019-9-13 10:10:21.526980,2547,2649,2751,2458,2449,2448,2465,2463,2640,2558,50
2019-9-13 10:10:21.629017,2548,2650,2752,2459,2450,2449,2466,2464,2641,2559,50
2019-9-13 10:10:21.710409,2548,2650,2752,2459,2450,2449,2466,2464,2641,2559,50
2019-9-13 10:10:21.809870,2548,2650,2752,2459,2450,2449,2466,2464,2641,2559,50
2019-9-13 10:10:21.901438,2548,2650,2752,2459,2450,2449,2466,2464,2641,2559,50
2019-9-13 10:10:21.988021,2548,2650,2752,2459,2450,2449,2466,2464,2641,2559,50
2019-9-13 10:10:22.94515,2548,2650,2752,2459,2450,2449,2466,2464,2641,2559,50
2019-9-13 10:10:22.193170,2549,2651,2753,2460,2451,2450,2467,2465,2642,2560,50
2019-9-13 10:10:22.290794,2549,2651,2753,2460,2451,2450,2467,2465,2642,2560,50
2019-9-13 10:10:22.399075,2549,2651,2753,2460,2451,2450,2467,2465,2642,2560,50
2019-9-13 10:10:22.510829,2549,2651,2753,2460,2451,2450,2467,2465,2642,2560,50
2019-9-13 10:10:22.615195,2549,2651,2753,2460,2451,2450,2468,2466,2643,2561,50
2019-9-13 10:10:22.722517,2550,2652,2754,2461,2452,2451,2468,2466,2643,2561,50
2019-9-13 10:10:22.800402,2550,2652,2754,2461,2452,2451,2468,2466,2643,2561,50
2019-9-13 10:10:22.890619,2550,2652,2754,2461,2452,2451,2468,2466,2643,2561,50
2019-9-13 10:10:22.996381,2550,2652,2754,2461,2452,2451,2468,2466,2643,2561,50
2019-9-13 10:10:23.80391,2550,2652,2754,2461,2452,2451,2468,2466,2643,2561,50
2019-9-13 10:10:23.179072,2551,2653,2755,2462,2453,2452,2469,2467,2644,2562,50
2019-9-13 10:10:23.285053,2551,2653,2755,2462,2453,2452,2469,2467,2644,2562,50
2019-9-13 10:10:23.384500,2551,2653,2755,2462,2453,2452,2469,2467,2644,2562,50
2019-9-13 10:10:23.485748,2551,2653,2755,2462,2453,2452,2469,2467,2644,2562,50
2019-9-13 10:10:23.561023,2551,2653,2755,2462,2453,2452,2469,2467,2644,2562,50
2019-9-13 10:10:23.650114,2552,2654,2756,2463,2454,2453,2470,2468,2645,2563,50
2019-9-13 10:10:23.747991,2552,2654,2756,2463,2454,2453,2470,2468,2645,2563,50
2019-9-13 10:10:23.855061,2552,2654,2756,2463,2454,2453,2470,2468,2645,2563,50
2019-9-13 10:10:23.941270,2552,2654,2756,2463,2454,2453,2470,2468,2645,2563,50
2019-9-13 10:10:24.44867,2552,2654,2756,2463,2454,2453,2470,2468,2645,2563,50
2019-9-13 10:10:24.130744,2552,2654,2756,2463,2454,2453,2471,2469,2646,2564,50
2019-9-13 10:10:24.220081,2553,2655,2757,2464,2455,2454,2471,2469,2646,2564,50
2019-9-13 10:10:24.324699,2553,2655,2757,2464,2455,2454,2471,2469,2646,2564,50
2019-9-13 10:10:24.419979,2553,2655,2757,2464,2455,2454,2471,2469,2646,2564,50
2019-9-13 10:10:24.509638,2553,2655,2757,2464,2455,2454,2471,2469,2646,2564,50
2019-9-13 10:10:24.615793,2553,2655,2757,2464,2455,2454,2471,2469,2646,2564,50
2019-9-13 10:10:24.700431,2554,2656,2758,2465,2456,2455,2472,2470,2647,2565,50
2019-9-13 10:10:24.812689,2554,2656,2758,2465,2456,2455,2472,2470,2647,2565,50
2019-9-13 10:10:24.913074,2554,2656,2758,2465,2456,2455,2472,2470,2647,2565,50
2019-9-13 10:10:25.21737,2554,2656,2758,2465,2456,2455,2472,2470,2647,2565,50
2019-9-13 10:10:25.126443,2554,2656,2758,2465,2456,2455,2472,2470,2647,2565,50
2019-9-13 10:10:25.211030,2555,2657,2759,2466,2457,2456,2473,2471,2648,2566,50
2019-9-13 10:10:25.311712,2555,2657,2759,2466,2457,2456,2473,2471,2648,2566,50
2019-9-13 10:10:25.413706,2555,2657,2759,2466,2457,2456,2473,2471,2648,2566,50
2019-9-13 10:10:25.488420,2555,2657,2759,2466,2457,2456,2473,2471,2648,2566,50
2019-9-13 10:10:25.571703,2555,2657,2759,2466,2457,2456,2473,2471,2648,2566,50
2019-9-13 10:10:25.661969,2555,2657,2759,2466,2457,2456,2473,2471,2648,2566,50
2019-9-13 10:10:25.752143,2556,2658,2760,2467,2458,2457,2474,2472,2649,2567,50
2019-9-13 10:10:25.850225,2556,2658,2760,2467,2458,2457,2474,2472,2649,2567,50
2019-9-13 10:10:25.947918,2556,2658,2760,2467,2458,2457,2474,2472,2649,2567,50
2019-9-13 10:10:26.49324,2556,2658,2760,2467,2458,2457,2474,2472,2649,2567,50
2019-9-13 10:10:26.127037,2556,2658,2760,2467,2458,2457,2474,2472,2649,2567,50
2019-9-13 10:10:26.231676,2557,2659,2761,2468,2459,2458,2475,2473,2650,2568,50
2019-9-13 10:10:26.330482,2557,2659,2761,2468,2459,2458,2475,2473,2650,2568,50
2019-9-13 10:10:26.429247,2557,2659,2761,2468,2459,2458,2475,2473,2650,2568,50
2019-9-13 10:10:26.524352,2557,2659,2761,2468,2459,2458,2475,2473,2650,2568,50
2019-9-13 10:10:26.625599,2557,2659,2761,2468,2459,2458,2475,2473,2650,2568,50
2019-9-13 10:10:26.720933,2558,2660,2762,2469,2460,2459,2476,2474,2651,2569,50
2019-9-13 10:10:26.812495,2558,2660,2762,2469,2460,2459,2476,2474,2651,2569,50
2019-9-13 10:10:26.911989,2558,2660,2762,2469,2460,2459,2476,2474,2651,2569,50
2019-9-13 10:10:27.9269,2558,2660,2762,2469,2460,2459,2476,2474,2651,2569,50
2019-9-13 10:10:27.115650,2558,2660,2762,2469,2460,2459,2476,2474,2651,2569,50
2019-9-13 10:10:27.208457,2558,2660,2762,2469,2460,2459,2477,2475,2652,2570,50
2019-9-13 10:10:27.300431,2559,2661,2763,2470,2461,2460,2477,2475,2652,2570,50
2019-9-13 10:10:27.386682,2559,2661,2763,2470,2461,2460,2477,2475,2652,2570,50
2019-9-13 10:10:27.492915,2559,2661,2763,2470,2461,2460,2477,2475,2652,2570,50
2019-9-13 10:10:27.568467,2559,2661,2763,2470,2461,2460,2477,2475,2652,2570,50
2019-9-13 10:10:27.670328,2559,2661,2763,2470,2461,2460,2477,2475,2652,2570,50
2019-9-13 10:10:27.768121,2560,2662,2764,2471,2462,2461,2478,2476,2653,2571,50
2019-9-13 10:10:27.857323,2560,2662,2764,2471,2462,2461,2478,2476,2653,2571,50
2019-9-13 10:10:27.958569,2560,2662,2764,2471,2462,2461,2478,2476,2653,2571,50
2019-9-13 10:10:28.58619,2560,2662,2764,2471,2462,2461,2478,2476,2653,2571,50
2019-9-13 10:10:28.159238,2560,2662,2764,2471,2462,2461,2478,2476,2653,2571,50
2019-9-13 10:10:28.240739,2561,2663,2765,2472,2463,2462,2479,2477,2654,2572,50
2019-9-13 10:10:28.349453,2561,2663,2765,2472,2463,2462,2479,2477,2654,2572,50
2019-9-13 10:10:28.443742,2561,2663,2765,2472,2463,2462,2479,2477,2654,2572,50
2019-9-13 10:10:28.545537,2561,2663,2765,2472,2463,2462,2479,2477,2654,2572,50
2019-9-13 10:10:28.640343,2561,2663,2765,2472,2463,2462,2479,2477,2654,2572,50
2019-9-13 10:10:28.755402,2561,2663,2765,2472,2463,2462,2480,2478,2655,2573,50
2019-9-13 10:10:28.864017,2562,2664,2766,2473,2464,2463,2480,2478,2655,2573,50
2019-9-13 10:10:28.963180,2562,2664,2766,2473,2464,2463,2480,2478,2655,2573,50
2019-9-13 10:10:29.63230,2562,2664,2766,2473,2464,2463,2480,2478,2655,2573,50
2019-9-13 10:10:29.153232,2562,2664,2766,2473,2464,2463,2480,2478,2655,2573,50
2019-9-13 10:10:29.265058,2562,2664,2766,2473,2464,2463,2481,2479,2656,2574,50
2019-9-13 10:10:29.354505,2563,2665,2767,2474,2465,2464,2481,2479,2656,2574,50
2019-9-13 10:10:29.450440,2563,2665,2767,2474,2465,2464,2481,2479,2656,2574,50
2019-9-13 10:10:29.540632,2563,2665,2767,2474,2465,2464,2481,2479,2656,2574,50
2019-9-13 10:10:29.619897,2563,2665,2767,2474,2465,2464,2481,2479,2656,2574,50
2019-9-13 10:10:29.713962,2563,2665,2767,2474,2465,2464,2481,2479,2656,2574,50
2019-9-13 10:10:29.835649,2564,2666,2768,2475,2466,2465,2482,2480,2657,2575,50
2019-9-13 10:10:29.933311,2564,2666,2768,2475,2466,2465,2482,2480,2657,2575,50
2019-9-13 10:10:30.25246,2564,2666,2768,2475,2466,2465,2482,2480,2657,2575,50
2019-9-13 10:10:30.133726,2564,2666,2768,2475,2466,2465,2482,2480,2657,2575,50
2019-9-13 10:10:30.219422,2564,2666,2768,2475,2466,2465,2482,2480,2657,2575,50
2019-9-13 10:10:30.310021,2564,2666,2768,2475,2466,2465,2483,2481,2658,2576,50
2019-9-13 10:10:30.411593,2565,2667,2769,2476,2467,2466,2483,2481,2658,2576,50
2019-9-13 10:10:30.519328,2565,2667,2769,2476,2467,2466,2483,2481,2658,2576,50
2019-9-13 10:10:30.609936,2565,2667,2769,2476,2467,2466,2483,2481,2658,2576,50
2019-9-13 10:10:30.710263,2565,2667,2769,2476,2467,2466,2483,2481,2658,2576,50
2019-9-13 10:10:30.810512,2565,2667,2769,2476,2467,2466,2484,2482,2659,2577,50
2019-9-13 10:10:30.908106,2566,2668,2770,2477,2468,2467,2484,2482,2659,2577,50
2019-9-13 10:10:31.4536,2566,2668,2770,2477,2468,2467,2484,2482,2659,2577,50
2019-9-13 10:10:31.103108,2566,2668,2770,2477,2468,2467,2484,2482,2659,2577,50
2019-9-13 10:10:31.195490,2566,2668,2770,2477,2468,2467,2484,2482,2659,2577,50
2019-9-13 10:10:31.305909,2566,2668,2770,2477,2468,2467,2485,2483,2660,2578,50
2019-9-13 10:10:31.385528,2567,2669,2771,2478,2469,2468,2485,2483,2660,2578,50
2019-9-13 10:10:31.495487,2567,2669,2771,2478,2469,2468,2485,2483,2660,2578,50
2019-9-13 10:10:31.602935,2567,2669,2771,2478,2469,2468,2485,2483,2660,2578,50
2019-9-13 10:10:31.695379,2567,2669,2771,2478,2469,2468,2485,2483,2660,2578,50
2019-9-13 10:10:31.801667,2567,2669,2771,2478,2469,2468,2485,2483,2660,2578,50
2019-9-13 10:10:31.915224,2568,2670,2772,2479,2470,2469,2486,2484,2661,2579,50
2019-9-13 10:10:32.12971,2568,2670,2772,2479,2470,2469,2486,2484,2661,2579,50
2019-9-13 10:10:32.112462,2568,2670,2772,2479,2470,2469,2486,2484,2661,2579,50
2019-9-13 10:10:32.204857,2568,2670,2772,2479,2470,2469,2486,2484,2661,2579,50
2019-9-13 10:10:32.298445,2568,2670,2772,2479,2470,2469,2486,2484,2661,2579,50
2019-9-13 10:10:32.398598,2569,2671,2773,2480,2471,2470,2487,2485,2662,2580,50
2019-9-13 10:10:32.489763,2569,2671,2773,2480,2471,2470,2487,2485,2662,2580,50
2019-9-13 10:10:32.593699,2569,2671,2773,2480,2471,2470,2487,2485,2662,2580,50
2019-9-13 10:10:32.690306,2569,2671,2773,2480,2471,2470,2487,2485,2662,2580,50
2019-9-13 10:10:32.792445,2569,2671,2773,2480,2471,2470,2487,2485,2662,2580,50
2019-9-13 10:10:32.900319,2570,2672,2774,2481,2472,2471,2488,2486,2663,2581,50
2019-9-13 10:10:33.15748,2570,2672,2774,2481,2472,2471,2488,2486,2663,2581,50
2019-9-13 10:10:33.109807,2570,2672,2774,2481,2472,2471,2488,2486,2663,2581,50
2019-9-13 10:10:33.199076,2570,2672,2774,2481,2472,2471,2488,2486,2663,2581,50
2019-9-13 10:10:33.303126,2570,2672,2774,2481,2472,2471,2488,2486,2663,2581,50
2019-9-13 10:10:33.415585,2571,2673,2775,2482,2473,2472,2489,2487,2664,2582,50
2019-9-13 10:10:33.501106,2571,2673,2775,2482,2473,2472,2489,2487,2664,2582,50
2019-9-13 10:10:33.599218,2571,2673,2775,2482,2473,2472,2489,2487,2664,2582,50
2019-9-13 10:10:33.691399,2571,2673,2775,2482,2473,2472,2489,2487,2664,2582,50
2019-9-13 10:10:33.770906,2571,2673,2775,2482,2473,2472,2489,2487,2664,2582,50
2019-9-13 10:10:33.873665,2571,2673,2775,2482,2473,2472,2490,2488,2665,2583,50
2019-9-13 10:10:33.962794,2572,2674,2776,2483,2474,2473,2490,2488,2665,2583,50
2019-9-13 10:10:34.65567,2572,2674,2776,2483,2474,2473,2490,2488,2665,2583,50
2019-9-13 10:10:34.167121,2572,2674,2776,2483,2474,2473,2490,2488,2665,2583,50
2019-9-13 10:10:34.249506,2572,2674,2776,2483,2474,2473,2490,2488,2665,2583,50
2019-9-13 10:10:34.351953,2572,2674,2776,2483,2474,2473,2490,2488,2665,2583,50
2019-9-13 10:10:34.444525,2573,2675,2777,2484,2475,2474,2491,2489,2666,2584,50
2019-9-13 10:10:34.549486,2573,2675,2777,2484,2475,2474,2491,2489,2666,2584,50
2019-9-13 10:10:34.656675,2573,2675,2777,2484,2475,2474,2491,2489,2666,2584,50
2019-9-13 10:10:34.752366,2573,2675,2777,2484,2475,2474,2491,2489,2666,2584,50
2019-9-13 10:10:34.854967,2573,2675,2777,2484,2475,2474,2491,2489,2666,2584,50
2019-9-13 10:10:34.940132,2574,2676,2778,2485,2476,2475,2492,2490,2667,2585,50
2019-9-13 10:10:35.32115,2574,2676,2778,2485,2476,2475,2492,2490,2667,2585,50
2019-9-13 10:10:35.124322,2574,2676,2778,2485,2476,2475,2492,2490,2667,2585,50
2019-9-13 10:10:35.216540,2574,2676,2778,2485,2476,2475,2492,2490,2667,2585,50
2019-9-13 10:10:35.301083,2574,2676,2778,2485,2476,2475,2492,2490,2667,2585,50
2019-9-13 10:10:35.395766,2574,2676,2778,2485,2476,2475,2493,2491,2668,2586,50
2019-9-13 10:10:35.503913,2575,2677,2779,2486,2477,2476,2493,2491,2668,2586,50
2019-9-13 10:10:35.605038,2575,2677,2779,2486,2477,2476,2493,2491,2668,2586,50
2019-9-13 10:10:35.703482,2575,2677,2779,2486,2477,2476,2493,2491,2668,2586,50
2019-9-13 10:10:35.811962,2575,2677,2779,2486,2477,2476,2493,2491,2668,2586,50
2019-9-13 10:10:35.900979,2575,2677,2779,2486,2477,2476,2494,2492,2669,2587,50
2019-9-13 10:10:35.997890,2576,2678,2780,2487,2478,2477,2494,2492,2669,2587,50
2019-9-13 10:10:36.113424,2576,2678,2780,2487,2478,2477,2494,2492,2669,2587,50
2019-9-13 10:10:36.190636,2576,2678,2780,2487,2478,2477,2494,2492,2669,2587,50
2019-9-13 10:10:36.296681,2576,2678,2780,2487,2478,2477,2494,2492,2669,2587,50
2019-9-13 10:10:36.405727,2576,2678,2780,2487,2478,2477,2494,2492,2669,2587,50
2019-9-13 10:10:36.507838,2577,2679,2781,2488,2479,2478,2495,2493,2670,2588,50
2019-9-13 10:10:36.614519,2577,2679,2781,2488,2479,2478,2495,2493,2670,2588,50
2019-9-13 10:10:36.716290,2577,2679,2781,2488,2479,2478,2495,2493,2670,2588,50
2019-9-13 10:10:36.809978,2577,2679,2781,2488,2479,2478,2495,2493,2670,2588,50
2019-9-13 10:10:36.908479,2577,2679,2781,2488,2479,2478,2495,2493,2670,2588,50
2019-9-13 10:10:36.986422,2578,2680,2782,2489,2480,2479,2496,2494,2671,2589,50
2019-9-13 10:10:37.85331,2578,2680,2782,2489,2480,2479,2496,2494,2671,2589,50
2019-9-13 10:10:37.171246,2578,2680,2782,2489,2480,2479,2496,2494,2671,2589,50
2019-9-13 10:10:37.276412,2578,2680,2782,2489,2480,2479,2496,2494,2671,2589,50
2019-9-13 10:10:37.381516,2578,2680,2782,2489,2480,2479,2496,2494,2671,2589,50
2019-9-13 10:10:37.471513,2579,2681,2783,2490,2481,2480,2497,2495,2672,2590,50
2019-9-13 10:10:37.568854,2579,2681,2783,2490,2481,2480,2497,2495,2672,2590,50
2019-9-13 10:10:37.660300,2579,2681,2783,2490,2481,2480,2497,2495,2672,2590,50
2019-9-13 10:10:37.750362,2579,2681,2783,2490,2481,2480,2497,2495,2672,2590,50
2019-9-13 10:10:37.854382,2579,2681,2783,2490,2481,2480,2497,2495,2672,2590,50
2019-9-13 10:10:37.949145,2579,2681,2783,2490,2481,2480,2498,2496,2673,2591,50
2019-9-13 10:10:38.51825,2580,2682,2784,2491,2482,2481,2498,2496,2673,2591,50
2019-9-13 10:10:38.155787,2580,2682,2784,2491,2482,2481,2498,2496,2673,2591,50
2019-9-13 10:10:38.250052,2580,2682,2784,2491,2482,2481,2498,2496,2673,2591,50
2019-9-13 10:10:38.353839,2580,2682,2784,2491,2482,2481,2498,2496,2673,2591,50
2019-9-13 10:10:38.440546,2580,2682,2784,2491,2482,2481,2499,2497,2674,2592,50
2019-9-13 10:10:38.531791,2581,2683,2785,2492,2483,2482,2499,2497,2674,2592,50
2019-9-13 10:10:38.624740,2581,2683,2785,2492,2483,2482,2499,2497,2674,2592,50
2019-9-13 10:10:38.717547,2581,2683,2785,2492,2483,2482,2499,2497,2674,2592,50
2019-9-13 10:10:38.797018,2581,2683,2785,2492,2483,2482,2499,2497,2674,2592,50
2019-9-13 10:10:38.891226,2581,2683,2785,2492,2483,2482,2499,2497,2674,2592,50
2019-9-13 10:10:38.983881,2581,2683,2785,2492,2483,2482,2500,2498,2675,2593,50
2019-9-13 10:10:39.69817,2582,2684,2786,2493,2484,2483,2500,2498,2675,2593,50
2019-9-13 10:10:39.185012,2582,2684,2786,2493,2484,2483,2500,2498,2675,2593,50
2019-9-13 10:10:39.276533,2582,2684,2786,2493,2484,2483,2500,2498,2675,2593,50
2019-9-13 10:10:39.368334,2582,2684,2786,2493,2484,2483,2500,2498,2675,2593,50
2019-9-13 10:10:39.458522,2582,2684,2786,2493,2484,2483,2501,2499,2676,2594,50
2019-9-13 10:10:39.553389,2583,2685,2787,2494,2485,2484,2501,2499,2676,2594,50
2019-9-13 10:10:39.642337,2583,2685,2787,2494,2485,2484,2501,2499,2676,2594,50
2019-9-13 10:10:39.730769,2583,2685,2787,2494,2485,2484,2501,2499,2676,2594,50
2019-9-13 10:10:39.842636,2583,2685,2787,2494,2485,2484,2501,2499,2676,2594,50
2019-9-13 10:10:39.946251,2583,2685,2787,2494,2485,2484,2501,2499,2676,2594,50
2019-9-13 10:10:40.50265,2584,2686,2788,2495,2486,2485,2502,2500,2677,2595,50
2019-9-13 10:10:40.139983,2584,2686,2788,2495,2486,2485,2502,2500,2677,2595,50
2019-9-13 10:10:40.238383,2584,2686,2788,2495,2486,2485,2502,2500,2677,2595,50
2019-9-13 10:10:40.331696,2584,2686,2788,2495,2486,2485,2502,2500,2677,2595,50
2019-9-13 10:10:40.443953,2584,2686,2788,2495,2486,2485,2502,2500,2677,2595,50
2019-9-13 10:10:40.555370,2585,2687,2789,2496,2487,2486,2503,2501,2678,2596,50
2019-9-13 10:10:40.663415,2585,2687,2789,2496,2487,2486,2503,2501,2678,2596,50
2019-9-13 10:10:40.772152,2585,2687,2789,2496,2487,2486,2503,2501,2678,2596,50
2019-9-13 10:10:40.870943,2585,2687,2789,2496,2487,2486,2503,2501,2678,2596,50
2019-9-13 10:10:40.979197,2585,2687,2789,2496,2487,2486,2503,2501,2678,2596,50
2019-9-13 10:10:41.88394,2586,2688,2790,2497,2488,2487,2504,2502,2679,2597,50
2019-9-13 10:10:41.180495,2586,2688,2790,2497,2488,2487,2504,2502,2679,2597,50
2019-9-13 10:10:41.280347,2586,2688,2790,2497,2488,2487,2504,2502,2679,2597,50
2019-9-13 10:10:41.384476,2586,2688,2790,2497,2488,2487,2504,2502,2679,2597,50
2019-9-13 10:10:41.469681,2586,2688,2790,2497,2488,2487,2504,2502,2679,2597,50
2019-9-13 10:10:41.572311,2587,2689,2791,2498,2489,2488,2505,2503,2680,2598,50
2019-9-13 10:10:41.678751,2587,2689,2791,2498,2489,2488,2505,2503,2680,2598,50
2019-9-13 10:10:41.769734,2587,2689,2791,2498,2489,2488,2505,2503,2680,2598,50
2019-9-13 10:10:41.873292,2587,2689,2791,2498,2489,2488,2505,2503,2680,2598,50
2019-9-13 10:10:41.962219,2587,2689,2791,2498,2489,2488,2505,2503,2680,2598,50
2019-9-13 10:10:42.69342,2588,2690,2792,2499,2490,2489,2506,2504,2681,2599,50
2019-9-13 10:10:42.162790,2588,2690,2792,2499,2490,2489,2506,2504,2681,2599,50
2019-9-13 10:10:42.238454,2588,2690,2792,2499,2490,2489,2506,2504,2681,2599,50
2019-9-13 10:10:42.355145,2588,2690,2792,2499,2490,2489,2506,2504,2681,2599,50
2019-9-13 10:10:42.465375,2588,2690,2792,2499,2490,2489,2506,2504,2681,2599,50
2019-9-13 10:10:42.568570,2589,2691,2793,2500,2491,2490,2507,2505,2682,2600,50
2019-9-13 10:10:42.660450,2589,2691,2793,2500,2491,2490,2507,2505,2682,2600,50
2019-9-13 10:10:42.756287,2589,2691,2793,2500,2491,2490,2507,2505,2682,2600,50
2019-9-13 10:10:42.849852,2589,2691,2793,2500,2491,2490,2507,2505,2682,2600,50
2019-9-13 10:10:42.941933,2589,2691,2793,2500,2491,2490,2507,2505,2682,2600,50
2019-9-13 10:10:43.30434,2589,2691,2793,2500,2491,2490,2508,2506,2683,2601,50
2019-9-13 10:10:43.144706,2590,2692,2794,2501,2492,2491,2508,2506,2683,2601,50
2019-9-13 10:10:43.230054,2590,2692,2794,2501,2492,2491,2508,2506,2683,2601,50
2019-9-13 10:10:43.329245,2590,2692,2794,2501,2492,2491,2508,2506,2683,2601,50
2019-9-13 10:10:43.434210,2590,2692,2794,2501,2492,2491,2508,2506,2683,2601,50
2019-9-13 10:10:43.519811,2590,2692,2794,2501,2492,2491,2508,2506,2683,2601,50
2019-9-13 10:10:43.626665,2591,2693,2795,2502,2493,2492,2509,2507,2684,2602,50
2019-9-13 10:10:43.735951,2591,2693,2795,2502,2493,2492,2509,2507,2684,2602,50
2019-9-13 10:10:43.821538,2591,2693,2795,2502,2493,2492,2509,2507,2684,2602,50
2019-9-13 10:10:43.919871,2591,2693,2795,2502,2493,2492,2509,2507,2684,2602,50
2019-9-13 10:10:44.24209,2591,2693,2795,2502,2493,2492,2509,2507,2684,2602,50
2019-9-13 10:10:44.120576,2592,2694,2796,2503,2494,2493,2510,2508,2685,2603,50
2019-9-13 10:10:44.221210,2592,2694,2796,2503,2494,2493,2510,2508,2685,2603,50
2019-9-13 10:10:44.323362,2592,2694,2796,2503,2494,2493,2510,2508,2685,2603,50
2019-9-13 10:10:44.427846,2592,2694,2796,2503,2494,2493,2510,2508,2685,2603,50
2019-9-13 10:10:44.535090,2592,2694,2796,2503,2494,2493,2510,2508,2685,2603,50
2019-9-13 10:10:44.633247,2593,2695,2797,2504,2495,2494,2511,2509,2686,2604,50
2019-9-13 10:10:44.708689,2593,2695,2797,2504,2495,2494,2511,2509,2686,2604,50
2019-9-13 10:10:44.809618,2593,2695,2797,2504,2495,2494,2511,2509,2686,2604,50
2019-9-13 10:10:44.904782,2593,2695,2797,2504,2495,2494,2511,2509,2686,2604,50
2019-9-13 10:10:44.997261,2593,2695,2797,2504,2495,2494,2511,2509,2686,2604,50
2019-9-13 10:10:45.104509,2593,2695,2797,2504,2495,2494,2512,2510,2687,2605,50
2019-9-13 10:10:45.199622,2594,2696,2798,2505,2496,2495,2512,2510,2687,2605,50
2019-9-13 10:10:45.303109,2594,2696,2798,2505,2496,2495,2512,2510,2687,2605,50
2019-9-13 10:10:45.399305,2594,2696,2798,2505,2496,2495,2512,2510,2687,2605,50
2019-9-13 10:10:45.480906,2594,2696,2798,2505,2496,2495,2512,2510,2687,2605,50
2019-9-13 10:10:45.570928,2594,2696,2798,2505,2496,2495,2513,2511,2688,2606,50
2019-9-13 10:10:45.670423,2595,2697,2799,2506,2497,2496,2513,2511,2688,2606,50
2019-9-13 10:10:45.775608,2595,2697,2799,2506,2497,2496,2513,2511,2688,2606,50
2019-9-13 10:10:45.881230,2595,2697,2799,2506,2497,2496,2513,2511,2688,2606,50
2019-9-13 10:10:45.975256,2595,2697,2799,2506,2497,2496,2513,2511,2688,2606,50
2019-9-13 10:10:46.57041,2595,2697,2799,2506,2497,2496,2513,2511,2688,2606,50
2019-9-13 10:10:46.155496,2596,2698,2800,2507,2498,2497,2514,2512,2689,2607,50
2019-9-13 10:10:46.248718,2596,2698,2800,2507,2498,2497,2514,2512,2689,2607,50
2019-9-13 10:10:46.341143,2596,2698,2800,2507,2498,2497,2514,2512,2689,2607,50
2019-9-13 10:10:46.447191,2596,2698,2800,2507,2498,2497,2514,2512,2689,2607,50
2019-9-13 10:10:46.543440,2596,2698,2800,2507,2498,2497,2514,2512,2689,2607,50
2019-9-13 10:10:46.619441,2597,2699,2801,2508,2499,2498,2515,2513,2690,2608,50
2019-9-13 10:10:46.710942,2597,2699,2801,2508,2499,2498,2515,2513,2690,2608,50
2019-9-13 10:10:46.800119,2597,2699,2801,2508,2499,2498,2515,2513,2690,2608,50
2019-9-13 10:10:46.904515,2597,2699,2801,2508,2499,2498,2515,2513,2690,2608,50
2019-9-13 10:10:47.18748,2597,2699,2801,2508,2499,2498,2515,2513,2690,2608,50
2019-9-13 10:10:47.108544,2597,2699,2801,2508,2499,2498,2516,2514,2691,2609,50
2019-9-13 10:10:47.199665,2598,2700,2802,2509,2500,2499,2516,2514,2691,2609,50
2019-9-13 10:10:47.305616,2598,2700,2802,2509,2500,2499,2516,2514,2691,2609,50
2019-9-13 10:10:47.411140,2598,2700,2802,2509,2500,2499,2516,2514,2691,2609,50
2019-9-13 10:10:47.523290,2598,2700,2802,2509,2500,2499,2516,2514,2691,2609,50
2019-9-13 10:10:47.614459,2598,2700,2802,2509,2500,2499,2517,2515,2692,2610,50
2019-9-13 10:10:47.711795,2599,2701,2803,2510,2501,2500,2517,2515,2692,2610,50
2019-9-13 10:10:47.805578,2599,2701,2803,2510,2501,2500,2517,2515,2692,2610,50
2019-9-13 10:10:47.900407,2599,2701,2803,2510,2501,2500,2517,2515,2692,2610,50
2019-9-13 10:10:48.5589,2599,2701,2803,2510,2501,2500,2517,2515,2692,2610,50
2019-9-13 10:10:48.114545,2599,2701,2803,2510,2501,2500,2517,2515,2692,2610,50
2019-9-13 10:10:48.222040,2600,2702,2804,2511,2502,2501,2518,2516,2693,2611,50
2019-9-13 10:10:48.312174,2600,2702,2804,2511,2502,2501,2518,2516,2693,2611,50
2019-9-13 10:10:48.422237,2600,2702,2804,2511,2502,2501,2518,2516,2693,2611,50
2019-9-13 10:10:48.534094,2600,2702,2804,2511,2502,2501,2518,2516,2693,2611,50
2019-9-13 10:10:48.628172,2600,2702,2804,2511,2502,2501,2519,2517,2694,2612,50
2019-9-13 10:10:48.734724,2601,2703,2805,2512,2503,2502,2519,2517,2694,2612,50
2019-9-13 10:10:48.811602,2601,2703,2805,2512,2503,2502,2519,2517,2694,2612,50
2019-9-13 10:10:48.914957,2601,2703,2805,2512,2503,2502,2519,2517,2694,2612,50
2019-9-13 10:10:49.25630,2601,2703,2805,2512,2503,2502,2519,2517,2694,2612,50
2019-9-13 10:10:49.124191,2601,2703,2805,2512,2503,2502,2519,2517,2694,2612,50
2019-9-13 10:10:49.232706,2602,2704,2806,2513,2504,2503,2520,2518,2695,2613,50
2019-9-13 10:10:49.321772,2602,2704,2806,2513,2504,2503,2520,2518,2695,2613,50
2019-9-13 10:10:49.408275,2602,2704,2806,2513,2504,2503,2520,2518,2695,2613,50
2019-9-13 10:10:49.499343,2602,2704,2806,2513,2504,2503,2520,2518,2695,2613,50
2019-9-13 10:10:49.592567,2602,2704,2806,2513,2504,2503,2520,2518,2695,2613,50
2019-9-13 10:10:49.670847,2603,2705,2807,2514,2505,2504,2521,2519,2696,2614,50
2019-9-13 10:10:49.769735,2603,2705,2807,2514,2505,2504,2521,2519,2696,2614,50
2019-9-13 10:10:49.864889,2603,2705,2807,2514,2505,2504,2521,2519,2696,2614,50
2019-9-13 10:10:49.959717,2603,2705,2807,2514,2505,2504,2521,2519,2696,2614,50
2019-9-13 10:10:50.43926,2603,2705,2807,2514,2505,2504,2521,2519,2696,2614,50
2019-9-13 10:10:50.140373,2603,2705,2807,2514,2505,2504,2522,2520,2697,2615,50
2019-9-13 10:10:50.243575,2604,2706,2808,2515,2506,2505,2522,2520,2697,2615,50
2019-9-13 10:10:50.319872,2604,2706,2808,2515,2506,2505,2522,2520,2697,2615,50
2019-9-13 10:10:50.410394,2604,2706,2808,2515,2506,2505,2522,2520,2697,2615,50
2019-9-13 10:10:50.514215,2604,2706,2808,2515,2506,2505,2522,2520,2697,2615,50
2019-9-13 10:10:50.641123,2604,2706,2808,2515,2506,2505,2522,2520,2697,2615,50
2019-9-13 10:10:50.744553,2605,2707,2809,2516,2507,2506,2523,2521,2698,2616,50
2019-9-13 10:10:50.844712,2605,2707,2809,2516,2507,2506,2523,2521,2698,2616,50
2019-9-13 10:10:50.938006,2605,2707,2809,2516,2507,2506,2523,2521,2698,2616,50
2019-9-13 10:10:51.29502,2605,2707,2809,2516,2507,2506,2523,2521,2698,2616,50
2019-9-13 10:10:51.120743,2605,2707,2809,2516,2507,2506,2523,2521,2698,2616,50
2019-9-13 10:10:51.212788,2606,2708,2810,2517,2508,2507,2524,2522,2699,2617,50
2019-9-13 10:10:51.290426,2606,2708,2810,2517,2508,2507,2524,2522,2699,2617,50
2019-9-13 10:10:51.395487,2606,2708,2810,2517,2508,2507,2524,2522,2699,2617,50
2019-9-13 10:10:51.479878,2606,2708,2810,2517,2508,2507,2524,2522,2699,2617,50
2019-9-13 10:10:51.582551,2606,2708,2810,2517,2508,2507,2524,2522,2699,2617,50
2019-9-13 10:10:51.682269,2606,2708,2810,2517,2508,2507,2525,2523,2700,2618,50
2019-9-13 10:10:51.793117,2607,2709,2811,2518,2509,2508,2525,2523,2700,2618,50
2019-9-13 10:10:51.903815,2607,2709,2811,2518,2509,2508,2525,2523,2700,2618,50
2019-9-13 10:10:52.903,2607,2709,2811,2518,2509,2508,2525,2523,2700,2618,50
2019-9-13 10:10:52.103965,2607,2709,2811,2518,2509,2508,2525,2523,2700,2618,50
2019-9-13 10:10:52.193406,2607,2709,2811,2518,2509,2508,2526,2524,2701,2619,50
2019-9-13 10:10:52.277712,2608,2710,2812,2519,2510,2509,2526,2524,2701,2619,50
2019-9-13 10:10:52.356351,2608,2710,2812,2519,2510,2509,2526,2524,2701,2619,50
2019-9-13 10:10:52.450283,2608,2710,2812,2519,2510,2509,2526,2524,2701,2619,50
2019-9-13 10:10:52.529426,2608,2710,2812,2519,2510,2509,2526,2524,2701,2619,50
2019-9-13 10:10:52.619500,2608,2710,2812,2519,2510,2509,2526,2524,2701,2619,50
2019-9-13 10:10:52.725218,2608,2710,2812,2519,2510,2509,2527,2525,2702,2620,50
2019-9-13 10:10:52.830468,2609,2711,2813,2520,2511,2510,2527,2525,2702,2620,50
2019-9-13 10:10:52.936500,2609,2711,2813,2520,2511,2510,2527,2525,2702,2620,50
2019-9-13 10:10:53.30223,2609,2711,2813,2520,2511,2510,2527,2525,2702,2620,50
2019-9-13 10:10:53.133994,2609,2711,2813,2520,2511,2510,2527,2525,2702,2620,50
2019-9-13 10:10:53.246432,2609,2711,2813,2520,2511,2510,2528,2526,2703,2621,50
2019-9-13 10:10:53.339491,2610,2712,2814,2521,2512,2511,2528,2526,2703,2621,50
2019-9-13 10:10:53.430395,2610,2712,2814,2521,2512,2511,2528,2526,2703,2621,50
2019-9-13 10:10:53.520063,2610,2712,2814,2521,2512,2511,2528,2526,2703,2621,50
2019-9-13 10:10:53.622927,2610,2712,2814,2521,2512,2511,2528,2526,2703,2621,50
2019-9-13 10:10:53.731614,2610,2712,2814,2521,2512,2511,2528,2526,2703,2621,50
2019-9-13 10:10:53.837523,2611,2713,2815,2522,2513,2512,2529,2527,2704,2622,50
2019-9-13 10:10:53.930437,2611,2713,2815,2522,2513,2512,2529,2527,2704,2622,50
2019-9-13 10:10:54.34033,2611,2713,2815,2522,2513,2512,2529,2527,2704,2622,50
2019-9-13 10:10:54.138061,2611,2713,2815,2522,2513,2512,2529,2527,2704,2622,50
2019-9-13 10:10:54.221780,2611,2713,2815,2522,2513,2512,2529,2527,2704,2622,50
2019-9-13 10:10:54.320933,2612,2714,2816,2523,2514,2513,2530,2528,2705,2623,50
2019-9-13 10:10:54.424741,2612,2714,2816,2523,2514,2513,2530,2528,2705,2623,50
2019-9-13 10:10:54.522515,2612,2714,2816,2523,2514,2513,2530,2528,2705,2623,50
2019-9-13 10:10:54.597379,2612,2714,2816,2523,2514,2513,2530,2528,2705,2623,50
2019-9-13 10:10:54.704442,2612,2714,2816,2523,2514,2513,2530,2528,2705,2623,50
2019-9-13 10:10:54.810121,2613,2715,2817,2524,2515,2514,2531,2529,2706,2624,50
2019-9-13 10:10:54.900596,2613,2715,2817,2524,2515,2514,2531,2529,2706,2624,50
2019-9-13 10:10:54.991338,2613,2715,2817,2524,2515,2514,2531,2529,2706,2624,50
2019-9-13 10:10:55.81490,2613,2715,2817,2524,2515,2514,2531,2529,2706,2624,50
2019-9-13 10:10:55.184656,2613,2715,2817,2524,2515,2514,2531,2529,2706,2624,50
2019-9-13 10:10:55.285174,2613,2715,2817,2524,2515,2514,2532,2530,2707,2625,50
2019-9-13 10:10:55.385977,2614,2716,2818,2525,2516,2515,2532,2530,2707,2625,50
2019-9-13 10:10:55.488746,2614,2716,2818,2525,2516,2515,2532,2530,2707,2625,50
2019-9-13 10:10:55.596344,2614,2716,2818,2525,2516,2515,2532,2530,2707,2625,50
2019-9-13 10:10:55.692620,2614,2716,2818,2525,2516,2515,2532,2530,2707,2625,50
2019-9-13 10:10:55.782043,2614,2716,2818,2525,2516,2515,2532,2530,2707,2625,50
2019-9-13 10:10:55.876309,2615,2717,2819,2526,2517,2516,2533,2531,2708,2626,50
2019-9-13 10:10:55.968807,2615,2717,2819,2526,2517,2516,2533,2531,2708,2626,50
2019-9-13 10:10:56.71782,2615,2717,2819,2526,2517,2516,2533,2531,2708,2626,50
2019-9-13 10:10:56.149767,2615,2717,2819,2526,2517,2516,2533,2531,2708,2626,50
2019-9-13 10:10:56.250172,2615,2717,2819,2526,2517,2516,2533,2531,2708,2626,50
2019-9-13 10:10:56.340616,2616,2718,2820,2527,2518,2517,2534,2532,2709,2627,50
2019-9-13 10:10:56.441543,2616,2718,2820,2527,2518,2517,2534,2532,2709,2627,50
2019-9-13 10:10:56.549134,2616,2718,2820,2527,2518,2517,2534,2532,2709,2627,50
2019-9-13 10:10:56.652873,2616,2718,2820,2527,2518,2517,2534,2532,2709,2627,50
2019-9-13 10:10:56.751933,2616,2718,2820,2527,2518,2517,2534,2532,2709,2627,50
2019-9-13 10:10:56.841029,2617,2719,2821,2528,2519,2518,2535,2533,2710,2628,50
2019-9-13 10:10:56.937172,2617,2719,2821,2528,2519,2518,2535,2533,2710,2628,50
2019-9-13 10:10:57.45334,2617,2719,2821,2528,2519,2518,2535,2533,2710,2628,50
2019-9-13 10:10:57.140614,2617,2719,2821,2528,2519,2518,2535,2533,2710,2628,50
2019-9-13 10:10:57.230101,2617,2719,2821,2528,2519,2518,2535,2533,2710,2628,50
2019-9-13 10:10:57.335617,2617,2719,2821,2528,2519,2518,2536,2534,2711,2629,50
2019-9-13 10:10:57.433677,2618,2720,2822,2529,2520,2519,2536,2534,2711,2629,50
2019-9-13 10:10:57.535669,2618,2720,2822,2529,2520,2519,2536,2534,2711,2629,50
2019-9-13 10:10:57.638610,2618,2720,2822,2529,2520,2519,2536,2534,2711,2629,50
2019-9-13 10:10:57.739570,2618,2720,2822,2529,2520,2519,2536,2534,2711,2629,50
2019-9-13 10:10:57.830519,2618,2720,2822,2529,2520,2519,2537,2535,2712,2630,50
2019-9-13 10:10:57.932479,2619,2721,2823,2530,2521,2520,2537,2535,2712,2630,50
2019-9-13 10:10:58.27980,2619,2721,2823,2530,2521,2520,2537,2535,2712,2630,50
2019-9-13 10:10:58.121975,2619,2721,2823,2530,2521,2520,2537,2535,2712,2630,50
2019-9-13 10:10:58.224381,2619,2721,2823,2530,2521,2520,2537,2535,2712,2630,50
2019-9-13 10:10:58.310966,2619,2721,2823,2530,2521,2520,2538,2536,2713,2631,50
2019-9-13 10:10:58.401350,2620,2722,2824,2531,2522,2521,2538,2536,2713,2631,50
2019-9-13 10:10:58.487221,2620,2722,2824,2531,2522,2521,2538,2536,2713,2631,50
2019-9-13 10:10:58.595258,2620,2722,2824,2531,2522,2521,2538,2536,2713,2631,50
2019-9-13 10:10:58.688996,2620,2722,2824,2531,2522,2521,2538,2536,2713,2631,50
2019-9-13 10:10:58.779799,2620,2722,2824,2531,2522,2521,2538,2536,2713,2631,50
2019-9-13 10:10:58.881575,2621,2723,2825,2532,2523,2522,2539,2537,2714,2632,50
2019-9-13 10:10:58.980889,2621,2723,2825,2532,2523,2522,2539,2537,2714,2632,50
2019-9-13 10:10:59.78982,2621,2723,2825,2532,2523,2522,2539,2537,2714,2632,50
2019-9-13 10:10:59.183064,2621,2723,2825,2532,2523,2522,2539,2537,2714,2632,50
2019-9-13 10:10:59.265231,2621,2723,2825,2532,2523,2522,2539,2537,2714,2632,50
2019-9-13 10:10:59.371367,2622,2724,2826,2533,2524,2523,2540,2538,2715,2633,50
2019-9-13 10:10:59.471375,2622,2724,2826,2533,2524,2523,2540,2538,2715,2633,50
2019-9-13 10:10:59.574901,2622,2724,2826,2533,2524,2523,2540,2538,2715,2633,50
2019-9-13 10:10:59.671701,2622,2724,2826,2533,2524,2523,2540,2538,2715,2633,50
2019-9-13 10:10:59.761302,2622,2724,2826,2533,2524,2523,2540,2538,2715,2633,50
2019-9-13 10:10:59.872350,2622,2724,2826,2533,2524,2523,2541,2539,2716,2634,50
2019-9-13 10:10:59.972811,2623,2725,2827,2534,2525,2524,2541,2539,2716,2634,50
2019-9-13 10:11:0.70304,2623,2725,2827,2534,2525,2524,2541,2539,2716,2634,50
2019-9-13 10:11:0.172192,2623,2725,2827,2534,2525,2524,2541,2539,2716,2634,50
2019-9-13 10:11:0.271736,2623,2725,2827,2534,2525,2524,2541,2539,2716,2634,50
2019-9-13 10:11:0.361220,2623,2725,2827,2534,2525,2524,2542,2540,2717,2635,50
2019-9-13 10:11:0.450193,2624,2726,2828,2535,2526,2525,2542,2540,2717,2635,50
2019-9-13 10:11:0.540331,2624,2726,2828,2535,2526,2525,2542,2540,2717,2635,50
2019-9-13 10:11:0.643589,2624,2726,2828,2535,2526,2525,2542,2540,2717,2635,50
2019-9-13 10:11:0.754810,2624,2726,2828,2535,2526,2525,2542,2540,2717,2635,50
2019-9-13 10:11:0.839533,2624,2726,2828,2535,2526,2525,2542,2540,2717,2635,50
2019-9-13 10:11:0.930826,2625,2727,2829,2536,2527,2526,2543,2541,2718,2636,50
2019-9-13 10:11:1.31928,2625,2727,2829,2536,2527,2526,2543,2541,2718,2636,50
2019-9-13 10:11:1.123316,2625,2727,2829,2536,2527,2526,2543,2541,2718,2636,50
2019-9-13 10:11:1.200430,2625,2727,2829,2536,2527,2526,2543,2541,2718,2636,50
2019-9-13 10:11:1.290154,2625,2727,2829,2536,2527,2526,2543,2541,2718,2636,50
2019-9-13 10:11:1.388353,2625,2727,2829,2536,2527,2526,2544,2542,2719,2637,50
2019-9-13 10:11:1.470724,2626,2728,2830,2537,2528,2527,2544,2542,2719,2637,50
2019-9-13 10:11:1.572739,2626,2728,2830,2537,2528,2527,2544,2542,2719,2637,50
2019-9-13 10:11:1.662394,2626,2728,2830,2537,2528,2527,2544,2542,2719,2637,50
2019-9-13 10:11:1.772771,2626,2728,2830,2537,2528,2527,2544,2542,2719,2637,50
2019-9-13 10:11:1.849378,2626,2728,2830,2537,2528,2527,2544,2542,2719,2637,50
2019-9-13 10:11:1.949055,2627,2729,2831,2538,2529,2528,2545,2543,2720,2638,50
2019-9-13 10:11:2.52276,2627,2729,2831,2538,2529,2528,2545,2543,2720,2638,50
2019-9-13 10:11:2.140074,2627,2729,2831,2538,2529,2528,2545,2543,2720,2638,50
2019-9-13 10:11:2.245527,2627,2729,2831,2538,2529,2528,2545,2543,2720,2638,50
2019-9-13 10:11:2.340081,2627,2729,2831,2538,2529,2528,2545,2543,2720,2638,50
2019-9-13 10:11:2.432747,2628,2730,2832,2539,2530,2529,2546,2544,2721,2639,50
2019-9-13 10:11:2.528421,2628,2730,2832,2539,2530,2529,2546,2544,2721,2639,50
2019-9-13 10:11:2.618001,2628,2730,2832,2539,2530,2529,2546,2544,2721,2639,50
2019-9-13 10:11:2.711372,2628,2730,2832,2539,2530,2529,2546,2544,2721,2639,50
2019-9-13 10:11:2.809414,2628,2730,2832,2539,2530,2529,2546,2544,2721,2639,50
2019-9-13 10:11:2.912769,2628,2730,2832,2539,2530,2529,2547,2545,2722,2640,50
2019-9-13 10:11:3.3144,2629,2731,2833,2540,2531,2530,2547,2545,2722,2640,50
2019-9-13 10:11:3.82459,2629,2731,2833,2540,2531,2530,2547,2545,2722,2640,50
2019-9-13 10:11:3.181000,2629,2731,2833,2540,2531,2530,2547,2545,2722,2640,50
2019-9-13 10:11:3.270961,2629,2731,2833,2540,2531,2530,2547,2545,2722,2640,50
2019-9-13 10:11:3.367874,2629,2731,2833,2540,2531,2530,2547,2545,2722,2640,50
2019-9-13 10:11:3.460138,2630,2732,2834,2541,2532,2531,2548,2546,2723,2641,50
2019-9-13 10:11:3.548744,2630,2732,2834,2541,2532,2531,2548,2546,2723,2641,50
2019-9-13 10:11:3.651604,2630,2732,2834,2541,2532,2531,2548,2546,2723,2641,50
2019-9-13 10:11:3.762994,2630,2732,2834,2541,2532,2531,2548,2546,2723,2641,50
2019-9-13 10:11:3.853452,2630,2732,2834,2541,2532,2531,2548,2546,2723,2641,50
2019-9-13 10:11:3.930143,2630,2732,2834,2541,2532,2531,2549,2547,2724,2642,50
2019-9-13 10:11:4.23038,2631,2733,2835,2542,2533,2532,2549,2547,2724,2642,50
2019-9-13 10:11:4.110596,2631,2733,2835,2542,2533,2532,2549,2547,2724,2642,50
2019-9-13 10:11:4.209081,2631,2733,2835,2542,2533,2532,2549,2547,2724,2642,50
2019-9-13 10:11:4.310075,2631,2733,2835,2542,2533,2532,2549,2547,2724,2642,50
2019-9-13 10:11:4.413483,2631,2733,2835,2542,2533,2532,2549,2547,2724,2642,50
2019-9-13 10:11:4.522557,2632,2734,2836,2543,2534,2533,2550,2548,2725,2643,50
2019-9-13 10:11:4.622424,2632,2734,2836,2543,2534,2533,2550,2548,2725,2643,50
2019-9-13 10:11:4.725744,2632,2734,2836,2543,2534,2533,2550,2548,2725,2643,50
2019-9-13 10:11:4.811125,2632,2734,2836,2543,2534,2533,2550,2548,2725,2643,50
2019-9-13 10:11:4.914991,2632,2734,2836,2543,2534,2533,2550,2548,2725,2643,50
2019-9-13 10:11:4.987863,2633,2735,2837,2544,2535,2534,2551,2549,2726,2644,50
2019-9-13 10:11:5.92224,2633,2735,2837,2544,2535,2534,2551,2549,2726,2644,50
2019-9-13 10:11:5.199957,2633,2735,2837,2544,2535,2534,2551,2549,2726,2644,50
2019-9-13 10:11:5.300297,2633,2735,2837,2544,2535,2534,2551,2549,2726,2644,50
2019-9-13 10:11:5.382438,2633,2735,2837,2544,2535,2534,2551,2549,2726,2644,50
2019-9-13 10:11:5.492343,2634,2736,2838,2545,2536,2535,2552,2550,2727,2645,50
2019-9-13 10:11:5.569034,2634,2736,2838,2545,2536,2535,2552,2550,2727,2645,50
2019-9-13 10:11:5.664421,2634,2736,2838,2545,2536,2535,2552,2550,2727,2645,50
2019-9-13 10:11:5.758263,2634,2736,2838,2545,2536,2535,2552,2550,2727,2645,50
2019-9-13 10:11:5.860886,2634,2736,2838,2545,2536,2535,2552,2550,2727,2645,50
2019-9-13 10:11:5.954066,2634,2736,2838,2545,2536,2535,2552,2550,2727,2645,50
2019-9-13 10:11:6.48467,2635,2737,2839,2546,2537,2536,2553,2551,2728,2646,50
2019-9-13 10:11:6.155811,2635,2737,2839,2546,2537,2536,2553,2551,2728,2646,50
2019-9-13 10:11:6.250107,2635,2737,2839,2546,2537,2536,2553,2551,2728,2646,50
2019-9-13 10:11:6.328201,2635,2737,2839,2546,2537,2536,2553,2551,2728,2646,50
2019-9-13 10:11:6.419605,2635,2737,2839,2546,2537,2536,2553,2551,2728,2646,50
2019-9-13 10:11:6.521476,2636,2738,2840,2547,2538,2537,2554,2552,2729,2647,50
2019-9-13 10:11:6.609837,2636,2738,2840,2547,2538,2537,2554,2552,2729,2647,50
2019-9-13 10:11:6.700411,2636,2738,2840,2547,2538,2537,2554,2552,2729,2647,50
2019-9-13 10:11:6.790101,2636,2738,2840,2547,2538,2537,2554,2552,2729,2647,50
2019-9-13 10:11:6.891143,2636,2738,2840,2547,2538,2537,2554,2552,2729,2647,50
2019-9-13 10:11:6.979318,2636,2738,2840,2547,2538,2537,2555,2553,2730,2648,50
2019-9-13 10:11:7.80040,2637,2739,2841,2548,2539,2538,2555,2553,2730,2648,50
2019-9-13 10:11:7.179744,2637,2739,2841,2548,2539,2538,2555,2553,2730,2648,50
2019-9-13 10:11:7.271518,2637,2739,2841,2548,2539,2538,2555,2553,2730,2648,50
2019-9-13 10:11:7.360591,2637,2739,2841,2548,2539,2538,2555,2553,2730,2648,50
2019-9-13 10:11:7.451237,2637,2739,2841,2548,2539,2538,2555,2553,2730,2648,50
2019-9-13 10:11:7.544591,2638,2740,2842,2549,2540,2539,2556,2554,2731,2649,50
2019-9-13 10:11:7.633908,2638,2740,2842,2549,2540,2539,2556,2554,2731,2649,50
2019-9-13 10:11:7.739074,2638,2740,2842,2549,2540,2539,2556,2554,2731,2649,50
2019-9-13 10:11:7.845272,2638,2740,2842,2549,2540,2539,2556,2554,2731,2649,50
2019-9-13 10:11:7.951563,2638,2740,2842,2549,2540,2539,2556,2554,2731,2649,50
2019-9-13 10:11:8.43666,2639,2741,2843,2550,2541,2540,2557,2555,2732,2650,50
2019-9-13 10:11:8.151227,2639,2741,2843,2550,2541,2540,2557,2555,2732,2650,50
2019-9-13 10:11:8.245631,2639,2741,2843,2550,2541,2540,2557,2555,2732,2650,50
2019-9-13 10:11:8.331293,2639,2741,2843,2550,2541,2540,2557,2555,2732,2650,50
2019-9-13 10:11:8.434290,2639,2741,2843,2550,2541,2540,2557,2555,2732,2650,50
2019-9-13 10:11:8.531696,2640,2742,2844,2551,2542,2541,2558,2556,2733,2651,50
2019-9-13 10:11:8.634874,2640,2742,2844,2551,2542,2541,2558,2556,2733,2651,50
2019-9-13 10:11:8.720556,2640,2742,2844,2551,2542,2541,2558,2556,2733,2651,50
2019-9-13 10:11:8.821081,2640,2742,2844,2551,2542,2541,2558,2556,2733,2651,50
2019-9-13 10:11:8.920763,2640,2742,2844,2551,2542,2541,2558,2556,2733,2651,50
2019-9-13 10:11:9.8440,2640,2742,2844,2551,2542,2541,2559,2557,2734,2652,50
2019-9-13 10:11:9.115992,2641,2743,2845,2552,2543,2542,2559,2557,2734,2652,50
2019-9-13 10:11:9.208016,2641,2743,2845,2552,2543,2542,2559,2557,2734,2652,50
2019-9-13 10:11:9.298773,2641,2743,2845,2552,2543,2542,2559,2557,2734,2652,50
2019-9-13 10:11:9.390393,2641,2743,2845,2552,2543,2542,2559,2557,2734,2652,50
2019-9-13 10:11:9.502031,2641,2743,2845,2552,2543,2542,2559,2557,2734,2652,50
2019-9-13 10:11:9.593016,2642,2744,2846,2553,2544,2543,2560,2558,2735,2653,50
2019-9-13 10:11:9.670591,2642,2744,2846,2553,2544,2543,2560,2558,2735,2653,50
2019-9-13 10:11:9.774197,2642,2744,2846,2553,2544,2543,2560,2558,2735,2653,50
2019-9-13 10:11:9.867456,2642,2744,2846,2553,2544,2543,2560,2558,2735,2653,50
2019-9-13 10:11:9.976170,2642,2744,2846,2553,2544,2543,2560,2558,2735,2653,50
2019-9-13 10:11:10.67969,2643,2745,2847,2554,2545,2544,2561,2559,2736,2654,50
2019-9-13 10:11:10.148462,2643,2745,2847,2554,2545,2544,2561,2559,2736,2654,50
2019-9-13 10:11:10.232206,2643,2745,2847,2554,2545,2544,2561,2559,2736,2654,50
2019-9-13 10:11:10.318419,2643,2745,2847,2554,2545,2544,2561,2559,2736,2654,50
2019-9-13 10:11:10.410303,2643,2745,2847,2554,2545,2544,2561,2559,2736,2654,50
2019-9-13 10:11:10.515412,2643,2745,2847,2554,2545,2544,2561,2559,2736,2654,50
2019-9-13 10:11:10.621742,2644,2746,2848,2555,2546,2545,2562,2560,2737,2655,50
2019-9-13 10:11:10.701243,2644,2746,2848,2555,2546,2545,2562,2560,2737,2655,50
2019-9-13 10:11:10.775625,2644,2746,2848,2555,2546,2545,2562,2560,2737,2655,50
2019-9-13 10:11:10.871576,2644,2746,2848,2555,2546,2545,2562,2560,2737,2655,50
2019-9-13 10:11:10.950823,2644,2746,2848,2555,2546,2545,2562,2560,2737,2655,50
2019-9-13 10:11:11.51671,2644,2746,2848,2555,2546,2545,2563,2561,2738,2656,50
2019-9-13 10:11:11.155042,2645,2747,2849,2556,2547,2546,2563,2561,2738,2656,50
2019-9-13 10:11:11.251803,2645,2747,2849,2556,2547,2546,2563,2561,2738,2656,50
2019-9-13 10:11:11.355922,2645,2747,2849,2556,2547,2546,2563,2561,2738,2656,50
2019-9-13 10:11:11.467840,2645,2747,2849,2556,2547,2546,2563,2561,2738,2656,50
2019-9-13 10:11:11.572389,2645,2747,2849,2556,2547,2546,2564,2562,2739,2657,50
2019-9-13 10:11:11.667872,2646,2748,2850,2557,2548,2547,2564,2562,2739,2657,50
2019-9-13 10:11:11.759173,2646,2748,2850,2557,2548,2547,2564,2562,2739,2657,50
2019-9-13 10:11:11.865469,2646,2748,2850,2557,2548,2547,2564,2562,2739,2657,50
2019-9-13 10:11:11.947941,2646,2748,2850,2557,2548,2547,2564,2562,2739,2657,50
2019-9-13 10:11:12.56214,2646,2748,2850,2557,2548,2547,2564,2562,2739,2657,50
2019-9-13 10:11:12.160432,2647,2749,2851,2558,2549,2548,2565,2563,2740,2658,50
2019-9-13 10:11:12.264848,2647,2749,2851,2558,2549,2548,2565,2563,2740,2658,50
